Brandimarte10x6
55 0.2520027160644531
36 0.49300527572631836
Brandimarte10x10
115 1.4780011177062988
Brandimarte15x4
240 0.7719988822937012
Brandimarte15x8
163 1.065997838973999
338 4.546003103256226
Brandimarte20x5
227 3.1469991207122803
Brandimarte20x10
674 1.673999309539795
529 6.493999004364014
Brandimarte20x15
377 3.542999267578125
Hurink_edata10x5
957 0.12598705291748047
838 0.13600420951843262
728 0.11699914932250977
784 0.1220102310180664
623 0.1149895191192627
Hurink_edata10x10
1125 0.3059976100921631
898 0.24399995803833008
1077 0.28100061416625977
1003 0.2770073413848877
1219 0.3409919738769531
1396 0.534998893737793
Hurink_edata15x5
972 0.4209883213043213
966 0.23000073432922363
1068 0.23099708557128906
1049 0.24007630348205566
1222 0.24692630767822266
Hurink_edata15x10
1090 0.4389975070953369
1390 0.44303345680236816
1420 0.4530003070831299
1476 0.4569261074066162
Hurink_edata15x15
1570 1.0759270191192627
1783 1.245009422302246
1623 1.1029980182647705
1580 1.0819926261901855
1528 0.9680056571960449
Hurink_edata20x5
1424 0.40699172019958496
1235 0.34700560569763184
1266 0.36199331283569336
1340 0.3599996566772461
1510 0.36200571060180664
Hurink_edata20x10
1514 0.6499898433685303
1880 0.8600008487701416
1573 0.6509959697723389
1630 0.7720751762390137
1722 0.7939960956573486
Hurink_edata30x10
2088 1.3539998531341553
2238 1.3559238910675049
2272 1.4969978332519531
2144 1.387998342514038
2262 1.501007318496704
Hurink_rdata10x5
773 0.11399221420288086
769 0.13607215881347656
626 0.13592910766601562
684 0.16199636459350586
567 0.13500261306762695
Hurink_rdata10x10
923 0.24106597900390625
883 0.20192480087280273
882 0.22401165962219238
902 0.228989839553833
1126 0.2529909610748291
Hurink_rdata15x5
997 0.27092885971069336
903 0.24300050735473633
1005 0.29199910163879395
986 0.3260059356689453
959 0.266995906829834
Hurink_rdata15x10
1110 0.4199991226196289
987 0.4009978771209717
1094 0.3900115489959717
1027 0.40699028968811035
1100 0.38699865341186523
Hurink_rdata15x15
1319 0.8289921283721924
1281 0.7739934921264648
1274 0.8409273624420166
1353 0.8579258918762207
1556 0.9149973392486572
Hurink_rdata20x5
1222 0.428997278213501
1066 0.49407196044921875
1248 0.5319361686706543
1245 0.44799304008483887
1231 0.5030064582824707
Hurink_rdata20x10
1360 0.6339998245239258
1454 0.7889928817749023
1681 0.699000358581543
1346 0.6219987869262695
1490 0.6299958229064941
Hurink_rdata30x10
1860 1.322998046875
2165 1.3719866275787354
1955 1.4700727462768555
1953 1.4110066890716553
2083 1.3719277381896973
Hurink_vdata10x5
805 0.16993021965026855
657 0.17792749404907227
511 0.15000224113464355
611 0.1590731143951416
582 0.12093448638916016
Hurink_vdata10x10
775 0.19900035858154297
683 0.1819930076599121
684 0.23000025749206543
668 0.18900489807128906
829 0.19399142265319824
Hurink_vdata15x5
829 0.3549368381500244
896 0.3470015525817871
986 0.35799598693847656
900 0.3480048179626465
960 0.36599135398864746
Hurink_vdata15x10
1030 0.5109262466430664
1065 0.4670078754425049
1061 0.45600032806396484
961 0.5049924850463867
1034 0.4700019359588623
Hurink_vdata15x15
974 0.5179979801177979
1050 0.5680060386657715
965 0.5779941082000732
1002 0.7230064868927002
984 0.5309267044067383
Hurink_vdata20x5
1174 0.567004919052124
1067 0.5159945487976074
1290 0.589005708694458
1248 0.5690667629241943
1208 0.5709269046783447
Hurink_vdata20x10
1216 0.9090087413787842
1291 0.8999900817871094
1269 0.8160727024078369
1292 0.8699238300323486
1464 0.8909957408905029
Hurink_vdata30x10
1842 2.0590720176696777
1902 2.0519261360168457
1750 2.0399985313415527
1798 2.100005626678467
1829 2.1180691719055176
