Brandimarte10x6
50 0.15700149536132812
35 0.2749977111816406
Brandimarte10x10
93 0.6080710887908936
Brandimarte15x4
209 0.4169330596923828
Brandimarte15x8
92 0.30199742317199707
240 0.6520030498504639
Brandimarte20x5
199 0.8250839710235596
Brandimarte20x10
634 0.9760017395019531
381 0.9929332733154297
Brandimarte20x15
293 1.1656615734100342
Hurink_edata10x5
957 0.11499309539794922
838 0.14200139045715332
720 0.1150808334350586
784 0.1219942569732666
623 0.1509249210357666
Hurink_edata10x10
1220 0.28699564933776855
898 0.22900009155273438
1077 0.2820017337799072
1003 0.24900150299072266
1217 0.28799891471862793
1461 0.4719977378845215
Hurink_edata15x5
1052 0.24500036239624023
966 0.24292397499084473
1068 0.20299911499023438
1049 0.2369999885559082
1104 0.2310020923614502
Hurink_edata15x10
1090 0.395998477935791
1390 0.43100786209106445
1420 0.4570646286010742
1476 0.4899277687072754
Hurink_edata15x15
1688 1.069072961807251
1783 1.1939268112182617
1664 1.083991289138794
1622 1.1279993057250977
1582 1.016005277633667
Hurink_edata20x5
1424 0.39198994636535645
1235 0.3710024356842041
1266 0.37399935722351074
1340 0.4070756435394287
1510 0.36292576789855957
Hurink_edata20x10
1514 0.6189312934875488
1880 0.8279933929443359
1542 0.66800856590271
1657 0.78000807762146
1672 0.7659997940063477
Hurink_edata30x10
2037 1.3539929389953613
2238 1.3270058631896973
2353 1.5750000476837158
2144 1.4309916496276855
2262 1.5129995346069336
Hurink_rdata10x5
633 0.11098623275756836
769 0.13500595092773438
626 0.13499975204467773
684 0.13099980354309082
567 0.13399338722229004
Hurink_rdata10x10
886 0.2579977512359619
883 0.21100068092346191
1044 0.23500704765319824
835 0.2740004062652588
1002 0.25599122047424316
Hurink_rdata15x5
980 0.2559959888458252
946 0.24299979209899902
1005 0.272003173828125
1000 0.30907320976257324
991 0.27199721336364746
Hurink_rdata15x10
1120 0.42792224884033203
1156 0.42900872230529785
1056 0.36005687713623047
1057 0.3840017318725586
1085 0.40693020820617676
Hurink_rdata15x15
1373 0.8849895000457764
1365 0.83500075340271
1440 0.8020048141479492
1325 0.8910658359527588
1352 0.8149242401123047
Hurink_rdata20x5
1344 0.4680047035217285
1066 0.46799373626708984
1217 0.5800065994262695
1245 0.44199323654174805
1231 0.49399852752685547
Hurink_rdata20x10
1343 0.5979869365692139
1445 0.629000186920166
1511 0.6350016593933105
1217 0.575998067855835
1607 0.6520071029663086
Hurink_rdata30x10
1869 1.307058572769165
2074 1.359928846359253
2009 1.338996171951294
1927 1.4339964389801025
2030 1.2570738792419434
Hurink_vdata10x5
742 0.17293524742126465
657 0.2240004539489746
527 0.15600013732910156
611 0.16400551795959473
582 0.12306356430053711
Hurink_vdata10x10
777 0.22099566459655762
652 0.2070004940032959
679 0.2129356861114502
660 0.21306610107421875
799 0.23493432998657227
Hurink_vdata15x5
829 0.37900209426879883
896 0.3149909973144531
986 0.3220064640045166
899 0.32699131965637207
960 0.3130025863647461
Hurink_vdata15x10
1030 0.5579235553741455
1065 0.4920074939727783
1144 0.5080013275146484
961 0.49706292152404785
1034 0.5229299068450928
Hurink_vdata15x15
998 0.5760781764984131
1084 0.5769412517547607
953 0.6259922981262207
1006 0.5499978065490723
980 0.5629961490631104
Hurink_vdata20x5
1174 0.5349218845367432
1067 0.5520029067993164
1217 0.5710058212280273
1236 0.5680015087127686
1208 0.5709934234619141
Hurink_vdata20x10
1215 0.9309985637664795
1296 0.9319987297058105
1266 0.8549981117248535
1244 0.9069998264312744
1504 0.9399969577789307
Hurink_vdata30x10
1817 2.0939276218414307
1902 2.0820705890655518
1730 2.0749287605285645
1798 2.149005889892578
1803 2.126999616622925
