Brandimarte10x6
49.0 2.752993106842041
41.0 2.912076473236084
Brandimarte10x6
42.0 2.6299989223480225
37.0 2.866006851196289
Brandimarte10x6
42.0 2.562999725341797
37.0 2.7659997940063477
Brandimarte10x6
61.0 2.6319997310638428
46.0 2.8399994373321533
Brandimarte10x10
101.0 11.63199257850647
Brandimarte10x10
101.0 11.636008262634277
Brandimarte10x10
92.0 11.441999912261963
Brandimarte10x10
106.0 11.518009662628174
Brandimarte15x4
196.0 6.728991270065308
Brandimarte15x4
192.0 6.702006816864014
Brandimarte15x4
183.0 6.5829997062683105
Brandimarte15x4
215.0 6.645998954772949
Brandimarte15x8
84.0 5.257920980453491
213.0 11.778002500534058
Brandimarte15x8
79.0 5.417001247406006
216.0 11.819997549057007
Brandimarte15x8
74.0 5.264999866485596
204.0 11.623998880386353
Brandimarte15x8
106.0 5.204938888549805
257.0 11.476998567581177
Brandimarte20x5
204.0 6.164000511169434
Brandimarte20x5
220.0 6.243001222610474
Brandimarte20x5
206.0 5.994929313659668
Brandimarte20x5
201.0 6.146996736526489
Brandimarte20x10
523.0 28.191999673843384
347.0 31.91800022125244
Brandimarte20x10
523.0 28.56514048576355
424.0 31.902926206588745
Brandimarte20x10
523.0 28.02000594139099
324.0 31.51099181175232
Brandimarte20x10
604.0 28.214001417160034
417.0 31.12199902534485
Brandimarte20x15
264.0 32.59899950027466
Brandimarte20x15
261.0 32.44800400733948
Brandimarte20x15
259.0 31.9929940700531
Brandimarte20x15
339.0 31.7090003490448
Hurink_edata10x5
786.0 2.3149988651275635
837.0 2.3060083389282227
657.0 2.3239927291870117
681.0 2.290998935699463
566.0 2.3100008964538574
Hurink_edata10x5
786.0 2.3230011463165283
879.0 2.2629988193511963
657.0 2.2899997234344482
667.0 2.2739999294281006
530.0 2.296003580093384
Hurink_edata10x5
688.0 2.2489993572235107
789.0 2.28299880027771
657.0 2.252999782562256
723.0 2.330000877380371
612.0 2.2669992446899414
Hurink_edata10x5
957.0 2.293992042541504
775.0 2.2359988689422607
740.0 2.3170042037963867
723.0 2.2839958667755127
679.0 2.2950000762939453
Hurink_edata10x10
1108.0 6.271003007888794
836.0 6.295067310333252
967.0 6.327993154525757
1009.0 6.32099986076355
948.0 6.3309996128082275
Hurink_edata10x10
1059.0 6.36799955368042
781.0 6.394998788833618
928.0 6.351000070571899
950.0 6.390000104904175
974.0 6.323999881744385
Hurink_edata10x10
1066.0 6.258999347686768
781.0 6.254000425338745
951.0 6.203082799911499
1043.0 6.237997055053711
990.0 6.281996965408325
Hurink_edata10x10
1109.0 6.2310004234313965
898.0 6.301999092102051
1037.0 6.203006029129028
1011.0 6.219993829727173
1197.0 6.27899956703186
Hurink_edata15x5
967.0 4.067997932434082
969.0 4.0570008754730225
1020.0 4.0699989795684814
952.0 4.097001314163208
910.0 4.156999588012695
Hurink_edata15x5
887.0 4.100001335144043
932.0 4.042999029159546
910.0 4.122999429702759
952.0 4.124007701873779
952.0 4.024993658065796
Hurink_edata15x5
913.0 4.025996923446655
949.0 3.991002321243286
1005.0 3.961998462677002
937.0 4.002000331878662
875.0 4.007009506225586
Hurink_edata15x5
954.0 3.9949915409088135
950.0 4.041000127792358
976.0 4.008000373840332
1009.0 3.9869985580444336
942.0 4.06299901008606
Hurink_edata15x10
1182.0 12.063994407653809
1070.0 12.022998571395874
1106.0 13.153156757354736
1077.0 12.671000957489014
1162.0 12.218997478485107
Hurink_edata15x10
1217.0 12.142999649047852
1059.0 12.168002128601074
1122.0 12.28799843788147
1019.0 12.599003791809082
1105.0 12.303003072738647
Hurink_edata15x10
1260.0 12.060012102127075
982.0 12.00198745727539
1131.0 11.913006782531738
1057.0 11.972996473312378
1046.0 11.80299687385559
Hurink_edata15x10
1294.0 11.90592622756958
1208.0 11.865999698638916
1143.0 12.038000106811523
1114.0 12.093006134033203
1162.0 12.01399278640747
Hurink_edata15x15
1317.0 29.4329993724823
1626.0 29.53500247001648
1333.0 29.11300301551819
1390.0 29.82599711418152
1424.0 29.79799246788025
Hurink_edata15x15
1358.0 29.56800127029419
1601.0 29.328999996185303
1430.0 29.327999114990234
1411.0 29.256000518798828
1347.0 29.315000295639038
Hurink_edata15x15
1368.0 29.009001970291138
1648.0 28.770007133483887
1346.0 28.941998958587646
1506.0 28.6969997882843
1384.0 28.91699981689453
Hurink_edata15x15
1400.0 28.94300365447998
1750.0 28.89299702644348
1444.0 30.398993015289307
1622.0 30.448002576828003
1625.0 30.39100432395935
Hurink_edata20x5
1221.0 6.408000707626343
1078.0 6.177007675170898
1150.0 6.235998630523682
1179.0 6.246001720428467
1207.0 6.2389984130859375
Hurink_edata20x5
1221.0 6.246003150939941
1032.0 6.299997329711914
1151.0 6.256009817123413
1191.0 6.264989852905273
1293.0 6.202999591827393
Hurink_edata20x5
1236.0 6.077000379562378
1111.0 6.104079008102417
1150.0 5.998924016952515
1195.0 6.127999544143677
1419.0 6.062999725341797
Hurink_edata20x5
1459.0 6.110005855560303
1062.0 6.1559929847717285
1150.0 6.131000518798828
1208.0 6.100999116897583
1297.0 6.140003442764282
Hurink_edata20x10
1296.0 21.37999987602234
1474.0 21.618005514144897
1349.0 23.136993646621704
1334.0 22.4060001373291
1470.0 23.471001625061035
Hurink_edata20x10
1326.0 22.180004119873047
1449.0 22.02700710296631
1394.0 22.10098886489868
1376.0 22.80900001525879
1451.0 22.75499987602234
Hurink_edata20x10
1376.0 21.275001049041748
1423.0 23.310999155044556
1370.0 23.401999473571777
1369.0 21.678000926971436
1557.0 22.18799901008606
Hurink_edata20x10
1340.0 22.805996417999268
1871.0 22.722000122070312
1411.0 22.20600128173828
1589.0 22.059998512268066
1522.0 21.598000288009644
Hurink_edata30x10
1876.0 43.99200630187988
1928.0 42.98699331283569
1720.0 43.531999588012695
1819.0 44.196001052856445
1970.0 43.10899901390076
Hurink_edata30x10
1701.0 42.626991510391235
1904.0 49.35800004005432
1767.0 50.07699942588806
1735.0 42.57799983024597
2012.0 41.77400040626526
Hurink_edata30x10
1751.0 40.709006547927856
1926.0 43.80399703979492
1809.0 47.91099715232849
1790.0 49.13600158691406
2090.0 49.383999824523926
Hurink_edata30x10
1824.0 46.349000453948975
1904.0 44.12299966812134
1754.0 46.95700001716614
1815.0 42.052000284194946
2021.0 42.008994579315186
Hurink_rdata10x5
635.0 2.371000289916992
603.0 2.4459991455078125
498.0 2.449073314666748
527.0 2.431997776031494
492.0 2.3889243602752686
Hurink_rdata10x5
603.0 2.3839986324310303
570.0 2.3120017051696777
572.0 2.356999397277832
535.0 2.3880767822265625
474.0 2.4009220600128174
Hurink_rdata10x5
606.0 2.3550031185150146
593.0 2.326075315475464
559.0 2.3289175033569336
546.0 2.3459994792938232
532.0 2.2680015563964844
Hurink_rdata10x5
657.0 2.3370041847229004
696.0 2.539994955062866
538.0 3.0340006351470947
570.0 3.0950002670288086
529.0 2.3959991931915283
Hurink_rdata10x10
849.0 6.7690770626068115
795.0 6.855922222137451
805.0 6.724999904632568
913.0 6.6730005741119385
871.0 6.876999616622925
Hurink_rdata10x10
829.0 6.518004655838013
751.0 6.492993354797363
759.0 6.391999244689941
918.0 6.471999406814575
910.0 6.420002222061157
Hurink_rdata10x10
827.0 6.511008024215698
733.0 6.352992534637451
766.0 6.378008604049683
872.0 6.39399266242981
946.0 6.492998838424683
Hurink_rdata10x10
896.0 7.215998411178589
825.0 7.495000600814819
845.0 6.673999786376953
849.0 6.430998802185059
970.0 6.358999967575073
Hurink_rdata15x5
791.0 4.462008476257324
857.0 4.137999057769775
893.0 4.235992193222046
906.0 4.263000965118408
835.0 4.305999755859375
Hurink_rdata15x5
789.0 4.687997817993164
856.0 4.394999027252197
939.0 4.382007360458374
824.0 4.447992563247681
853.0 4.324000120162964
Hurink_rdata15x5
777.0 4.364000558853149
798.0 4.396001815795898
872.0 4.539998292922974
837.0 4.303999185562134
846.0 4.164002180099487
Hurink_rdata15x5
834.0 4.163999319076538
875.0 4.153999328613281
914.0 4.148998260498047
898.0 4.140007019042969
885.0 4.100992918014526
Hurink_rdata15x10
976.0 14.133997678756714
962.0 12.888000726699829
972.0 12.826002359390259
944.0 12.585999250411987
909.0 12.52199935913086
Hurink_rdata15x10
1013.0 13.583999395370483
899.0 12.586007356643677
972.0 13.100992679595947
996.0 13.2470064163208
956.0 12.515991687774658
Hurink_rdata15x10
1105.0 12.323000192642212
904.0 12.389999866485596
950.0 14.544999361038208
990.0 13.14900016784668
1009.0 12.657999992370605
Hurink_rdata15x10
1107.0 12.405998706817627
1065.0 12.68999981880188
1018.0 13.431999921798706
1100.0 12.597000122070312
994.0 13.156007289886475
Hurink_rdata15x15
1217.0 32.52299737930298
1252.0 31.39500093460083
1155.0 30.978008270263672
1251.0 30.9129900932312
1192.0 30.863001108169556
Hurink_rdata15x15
1245.0 29.61100673675537
1221.0 29.890992879867554
1186.0 30.039000511169434
1203.0 29.641998529434204
1115.0 29.581047773361206
Hurink_rdata15x15
1256.0 31.779000520706177
1315.0 30.735998392105103
1141.0 30.546007871627808
1210.0 29.363999128341675
1122.0 28.44000005722046
Hurink_rdata15x15
1266.0 28.678001165390015
1309.0 28.826998472213745
1305.0 29.544008255004883
1252.0 30.265991926193237
1245.0 30.42000126838684
Hurink_rdata20x5
1113.0 6.532001733779907
960.0 6.638005256652832
1081.0 7.137993574142456
1116.0 6.766000032424927
1120.0 6.7220094203948975
Hurink_rdata20x5
1123.0 6.438000202178955
1031.0 7.362999677658081
1075.0 7.910000324249268
1112.0 7.818999290466309
1142.0 8.280000448226929
Hurink_rdata20x5
1108.0 8.304001331329346
954.0 8.005996942520142
1085.0 7.648000001907349
1090.0 7.621000051498413
1277.0 7.828000068664551
Hurink_rdata20x5
1083.0 7.908000707626343
1074.0 8.204998970031738
1080.0 7.805000305175781
1158.0 7.7089996337890625
1334.0 7.6620001792907715
Hurink_rdata20x10
1229.0 25.682999849319458
1211.0 26.930999517440796
1204.0 22.180000066757202
1061.0 22.618001461029053
1281.0 21.725998163223267
Hurink_rdata20x10
1177.0 22.15100073814392
1241.0 21.96199893951416
1174.0 22.478999614715576
1110.0 24.88300061225891
1233.0 24.45800018310547
Hurink_rdata20x10
1123.0 22.089999675750732
1257.0 21.91199827194214
1199.0 21.444998264312744
1053.0 21.27500057220459
1189.0 21.72399926185608
Hurink_rdata20x10
1330.0 21.510000944137573
1278.0 23.410001039505005
1245.0 23.627997636795044
1459.0 21.147000789642334
1347.0 21.482007026672363
Hurink_rdata30x10
1618.0 41.86699867248535
1771.0 40.95900321006775
1577.0 41.65699911117554
1586.0 41.512999534606934
1630.0 43.16799974441528
Hurink_rdata30x10
1626.0 42.970951557159424
1759.0 43.26399898529053
1574.0 43.42500066757202
1584.0 43.84299921989441
1654.0 43.83500361442566
Hurink_rdata30x10
1613.0 43.397998332977295
1753.0 41.930999755859375
1575.0 43.62800145149231
1590.0 46.29399871826172
1583.0 42.56200098991394
Hurink_rdata30x10
1614.0 41.87300109863281
1872.0 42.60399913787842
1717.0 46.989999771118164
1744.0 41.856998443603516
1775.0 40.975520849227905
Hurink_vdata10x5
597.0 2.309999942779541
556.0 2.346000909805298
519.0 2.310999631881714
535.0 2.3179988861083984
492.0 2.2980008125305176
Hurink_vdata10x5
596.0 2.288999319076538
587.0 2.314000368118286
512.0 2.365000009536743
576.0 2.379007339477539
482.0 2.5049941539764404
Hurink_vdata10x5
599.0 2.7549962997436523
564.0 2.385000467300415
525.0 2.309999465942383
573.0 2.8389792442321777
483.0 2.338000535964966
Hurink_vdata10x5
641.0 2.353998899459839
612.0 2.2390003204345703
557.0 2.25900936126709
617.0 2.2589995861053467
541.0 2.2699992656707764
Hurink_vdata10x10
772.0 6.338998794555664
683.0 6.203999757766724
674.0 6.2230000495910645
652.0 6.181987524032593
768.0 6.289999723434448
Hurink_vdata10x10
789.0 7.097000598907471
668.0 6.762007474899292
663.0 12.131993293762207
655.0 8.745004892349243
761.0 7.915006637573242
Hurink_vdata10x10
741.0 8.240984439849854
691.0 6.454999685287476
676.0 6.364008903503418
638.0 6.433993816375732
792.0 6.229997158050537
Hurink_vdata10x10
732.0 6.248071670532227
677.0 6.166929006576538
663.0 6.15999960899353
671.0 6.2729949951171875
764.0 6.184000730514526
Hurink_vdata15x5
774.0 4.542000770568848
813.0 4.2609875202178955
887.0 4.49600076675415
816.0 4.242999315261841
877.0 4.522007703781128
Hurink_vdata15x5
778.0 4.178998947143555
800.0 4.290005207061768
894.0 4.132992744445801
834.0 4.2759997844696045
839.0 4.037003517150879
Hurink_vdata15x5
774.0 4.031001567840576
775.0 4.148997068405151
868.0 3.9970016479492188
848.0 3.9989984035491943
827.0 4.0360002517700195
Hurink_vdata15x5
817.0 4.050008058547974
828.0 3.9979922771453857
917.0 3.9689998626708984
835.0 4.635001182556152
968.0 4.240000247955322
Hurink_vdata15x10
843.0 11.894002676010132
783.0 11.865997314453125
861.0 11.862000226974487
805.0 12.503000497817993
799.0 12.724005699157715
Hurink_vdata15x10
855.0 11.762998580932617
771.0 12.022203922271729
869.0 11.944516658782959
837.0 11.812000274658203
836.0 11.613000869750977
Hurink_vdata15x10
841.0 11.483999967575073
774.0 11.459998369216919
868.0 11.62000060081482
809.0 11.633999824523926
779.0 11.76099944114685
Hurink_vdata15x10
954.0 11.486000776290894
855.0 11.572999477386475
884.0 11.659006834030151
898.0 11.57099199295044
920.0 11.569999933242798
Hurink_vdata15x15
995.0 31.30099868774414
1005.0 31.215002059936523
968.0 29.608998775482178
957.0 29.84999942779541
973.0 30.309000253677368
Hurink_vdata15x15
974.0 29.938002824783325
1023.0 29.81599760055542
950.0 29.755000114440918
954.0 30.33999729156494
966.0 30.185999631881714
Hurink_vdata15x15
990.0 29.769001245498657
1055.0 29.7239990234375
949.0 30.170007944107056
963.0 29.567992448806763
970.0 29.50599956512451
Hurink_vdata15x15
995.0 29.35100030899048
1008.0 30.09599757194519
953.0 29.496002435684204
945.0 29.16900634765625
976.0 29.564990282058716
Hurink_vdata20x5
1097.0 6.463998556137085
1002.0 6.821998834609985
1093.0 6.72300124168396
1082.0 6.845001220703125
1140.0 6.398998022079468
Hurink_vdata20x5
1095.0 6.322918653488159
961.0 6.386000156402588
1077.0 6.718000650405884
1107.0 6.724002122879028
1121.0 6.557005167007446
Hurink_vdata20x5
1088.0 6.393010377883911
952.0 6.546988248825073
1065.0 6.360000133514404
1079.0 6.432999610900879
1112.0 6.40800142288208
Hurink_vdata20x5
1129.0 6.478998422622681
975.0 6.363000869750977
1071.0 6.488006830215454
1092.0 6.5996503829956055
1114.0 6.375490427017212
Hurink_vdata20x10
1080.0 21.610153913497925
1123.0 21.073999643325806
1109.0 21.161001205444336
1041.0 21.09300184249878
1101.0 21.15599799156189
Hurink_vdata20x10
1098.0 21.202998161315918
1145.0 21.78100085258484
1116.0 21.629998922348022
1048.0 24.796000003814697
1116.0 25.305235385894775
Hurink_vdata20x10
1091.0 25.851999759674072
1127.0 25.319000005722046
1099.0 25.736000061035156
1032.0 25.55500292778015
1104.0 25.378999948501587
Hurink_vdata20x10
1314.0 25.60099768638611
1259.0 25.213999271392822
1374.0 25.551000595092773
1241.0 25.334999322891235
1166.0 25.45900011062622
Hurink_vdata30x10
1571.0 45.75100088119507
1696.0 46.353002071380615
1530.0 46.099997758865356
1578.0 45.98699998855591
1582.0 46.92655825614929
Hurink_vdata30x10
1561.0 45.78600025177002
1715.0 45.822999715805054
1532.0 45.82300043106079
1572.0 46.13300013542175
1601.0 46.525999546051025
Hurink_vdata30x10
1549.0 45.65499973297119
1707.0 45.63499999046326
1528.0 45.43800139427185
1560.0 45.16499924659729
1591.0 45.29999923706055
Hurink_vdata30x10
1545.0 45.587000370025635
1698.0 45.46499991416931
1532.0 45.56499981880188
1585.0 45.45199990272522
1595.0 44.87600016593933
