Brandimarte10x6
43.0 1.100999116897583
32.0 1.2039973735809326
Brandimarte10x6
43.0 1.1749975681304932
31.0 1.2639942169189453
Brandimarte10x6
43.0 1.1690089702606201
34.0 1.1850011348724365
Brandimarte10x6
44.0 1.165008783340454
30.0 1.1309983730316162
Brandimarte10x10
82.0 3.364999771118164
Brandimarte10x10
86.0 3.3329994678497314
Brandimarte10x10
83.0 3.247999668121338
Brandimarte10x10
84.0 3.3419997692108154
Brandimarte15x4
184.0 2.190000057220459
Brandimarte15x4
181.0 2.313204765319824
Brandimarte15x4
187.0 2.1419994831085205
Brandimarte15x4
182.0 2.1050031185150146
Brandimarte15x8
78.0 1.812997579574585
204.0 3.2249932289123535
Brandimarte15x8
67.0 1.8710002899169922
204.0 3.3459999561309814
Brandimarte15x8
75.0 1.8790006637573242
204.0 3.358001232147217
Brandimarte15x8
73.0 1.9070014953613281
204.0 3.505004405975342
Brandimarte20x5
155.0 2.173999071121216
Brandimarte20x5
159.0 2.1859993934631348
Brandimarte20x5
151.0 2.2089993953704834
Brandimarte20x5
160.0 2.150999069213867
Brandimarte20x10
324.0 6.09100079536438
523.0 5.761999130249023
Brandimarte20x10
323.0 6.048001766204834
523.0 5.671997785568237
Brandimarte20x10
336.0 6.183997631072998
523.0 5.708000421524048
Brandimarte20x10
319.0 6.184999704360962
523.0 5.790998220443726
Brandimarte20x15
246.0 6.516999244689941
Brandimarte20x15
238.0 6.169001340866089
Brandimarte20x15
240.0 6.025005578994751
Brandimarte20x15
225.0 6.438003063201904
Hurink_edata10x5
639.0 0.9840083122253418
767.0 0.9859969615936279
657.0 1.0100014209747314
719.0 0.9980001449584961
568.0 1.005998134613037
Hurink_edata10x5
666.0 1.0119976997375488
803.0 1.0349996089935303
657.0 0.9920024871826172
653.0 0.9950008392333984
530.0 1.0359995365142822
Hurink_edata10x5
690.0 0.9769997596740723
761.0 1.03999924659729
627.0 1.002000331878662
660.0 0.997999906539917
568.0 1.006004810333252
Hurink_edata10x5
695.0 0.9850008487701416
789.0 0.9509997367858887
620.0 0.915999174118042
633.0 0.9289979934692383
524.0 0.9490010738372803
Hurink_edata10x10
1038.0 2.1120007038116455
850.0 2.1269993782043457
957.0 2.053999662399292
1020.0 2.0879995822906494
1004.0 2.0989997386932373
Hurink_edata10x10
1009.0 2.226001024246216
848.0 2.167999029159546
889.0 2.289001226425171
950.0 2.1999993324279785
1069.0 2.2689998149871826
Hurink_edata10x10
1101.0 2.24900484085083
906.0 2.222996473312378
960.0 2.2559995651245117
972.0 2.2099974155426025
995.0 2.2519898414611816
Hurink_edata10x10
1020.0 2.0600035190582275
816.0 2.0819969177246094
1007.0 2.1329946517944336
994.0 2.091000556945801
1021.0 2.1189990043640137
Hurink_edata15x5
952.0 1.4409995079040527
994.0 1.5269992351531982
990.0 1.5010011196136475
964.0 1.4190006256103516
937.0 1.427004337310791
Hurink_edata15x5
875.0 1.4590015411376953
851.0 1.4840006828308105
969.0 1.4839999675750732
972.0 1.5339999198913574
875.0 1.5250000953674316
Hurink_edata15x5
926.0 1.5339982509613037
864.0 1.5569982528686523
969.0 1.5490009784698486
900.0 1.5289998054504395
871.0 1.5310063362121582
Hurink_edata15x5
896.0 1.558997392654419
815.0 1.5239989757537842
989.0 1.5429983139038086
964.0 1.5389997959136963
937.0 1.5850045680999756
Hurink_edata15x10
1207.0 3.443999767303467
1018.0 3.4930014610290527
1167.0 3.460998296737671
1101.0 3.431001901626587
1126.0 3.421003580093384
Hurink_edata15x10
1149.0 3.434000253677368
1104.0 3.3399999141693115
1130.0 3.371999979019165
1052.0 3.4829976558685303
1099.0 3.4620001316070557
Hurink_edata15x10
1246.0 3.477998971939087
972.0 3.4299967288970947
1077.0 3.517000913619995
1050.0 3.4639971256256104
1119.0 3.4760003089904785
Hurink_edata15x10
1227.0 3.577000617980957
1052.0 3.4620015621185303
1132.0 3.3139991760253906
1138.0 3.4620003700256348
1110.0 3.4220032691955566
Hurink_edata15x15
1357.0 5.8999998569488525
1567.0 5.848003625869751
1413.0 5.882997751235962
1356.0 5.958999156951904
1398.0 5.936000347137451
Hurink_edata15x15
1369.0 5.908999919891357
1545.0 6.022001266479492
1398.0 5.931999683380127
1355.0 6.085000276565552
1326.0 6.076003313064575
Hurink_edata15x15
1471.0 5.959000587463379
1618.0 5.909999132156372
1407.0 5.976000070571899
1372.0 5.869001626968384
1367.0 6.070000410079956
Hurink_edata15x15
1368.0 5.898003339767456
1619.0 5.868999481201172
1343.0 5.988000392913818
1354.0 6.038000106811523
1334.0 5.8550026416778564
Hurink_edata20x5
1191.0 2.204000949859619
1022.0 2.171999216079712
1215.0 2.2150001525878906
1167.0 2.1819987297058105
1359.0 2.225998640060425
Hurink_edata20x5
1190.0 2.1150007247924805
1023.0 2.1770012378692627
1150.0 2.1410040855407715
1195.0 2.1339969635009766
1359.0 2.1829957962036133
Hurink_edata20x5
1206.0 2.054002523422241
1005.0 2.07199764251709
1168.0 2.1069982051849365
1152.0 2.119999885559082
1363.0 2.1549980640411377
Hurink_edata20x5
1174.0 2.1169989109039307
1032.0 2.1540021896362305
1215.0 2.1759984493255615
1167.0 2.144001007080078
1395.0 2.1629977226257324
Hurink_edata20x10
1281.0 5.0990002155303955
1432.0 5.03000020980835
1416.0 5.005993843078613
1303.0 5.083000898361206
1392.0 4.903003692626953
Hurink_edata20x10
1396.0 5.071000099182129
1395.0 5.108000755310059
1374.0 5.403000116348267
1287.0 5.140998125076294
1420.0 5.175999164581299
Hurink_edata20x10
1318.0 5.177000284194946
1319.0 5.085993528366089
1422.0 4.969996452331543
1231.0 4.957000017166138
1469.0 5.036554336547852
Hurink_edata20x10
1317.0 5.096003532409668
1466.0 5.084001541137695
1473.0 5.225999116897583
1347.0 5.082994699478149
1487.0 5.0429980754852295
Hurink_edata30x10
1720.0 8.041000604629517
1904.0 8.084001064300537
1806.0 8.084996938705444
1873.0 7.9859983921051025
1827.0 8.10599970817566
Hurink_edata30x10
1763.0 7.870001792907715
1809.0 8.136998414993286
1782.0 8.111999750137329
1817.0 8.056995630264282
1988.0 8.080998659133911
Hurink_edata30x10
1766.0 8.027998685836792
1948.0 8.013002872467041
1759.0 7.928998947143555
1797.0 8.038998126983643
1817.0 7.925999641418457
Hurink_edata30x10
1820.0 8.075999975204468
1904.0 8.13499903678894
1771.0 8.060001611709595
1850.0 7.957998275756836
1843.0 8.122992753982544
Hurink_rdata10x5
605.0 0.9449989795684814
574.0 0.9620010852813721
549.0 0.9680025577545166
579.0 0.9779984951019287
515.0 0.9749941825866699
Hurink_rdata10x5
601.0 0.9620034694671631
562.0 0.9399986267089844
546.0 0.975994348526001
556.0 0.9480061531066895
492.0 1.0089983940124512
Hurink_rdata10x5
614.0 1.0250024795532227
629.0 0.9669990539550781
529.0 0.9759960174560547
546.0 0.9889938831329346
507.0 1.0409965515136719
Hurink_rdata10x5
613.0 1.0099992752075195
610.0 1.0189883708953857
505.0 0.99200439453125
565.0 1.0199949741363525
481.0 1.0430073738098145
Hurink_rdata10x10
834.0 2.2799975872039795
745.0 2.294999122619629
817.0 2.2399983406066895
911.0 2.266998291015625
879.0 2.2499988079071045
Hurink_rdata10x10
912.0 2.230009078979492
778.0 2.1619999408721924
735.0 2.1949987411499023
944.0 2.1879982948303223
929.0 2.229999303817749
Hurink_rdata10x10
894.0 2.1129987239837646
797.0 2.15000057220459
877.0 2.1910014152526855
882.0 2.142996072769165
918.0 2.1580004692077637
Hurink_rdata10x10
816.0 2.2830049991607666
671.0 2.2519967555999756
818.0 2.2940003871917725
934.0 2.293999195098877
966.0 2.249002456665039
Hurink_rdata15x5
847.0 1.552997350692749
808.0 1.5959947109222412
795.0 1.5989928245544434
927.0 1.625
850.0 1.584000825881958
Hurink_rdata15x5
811.0 1.5129985809326172
779.0 1.4759974479675293
779.0 1.4870002269744873
877.0 1.477996826171875
841.0 1.4929969310760498
Hurink_rdata15x5
824.0 1.5360004901885986
777.0 1.4779951572418213
818.0 1.5420010089874268
872.0 1.4659981727600098
847.0 1.5039970874786377
Hurink_rdata15x5
832.0 1.5470023155212402
784.0 1.5280025005340576
798.0 1.5389931201934814
885.0 1.584998369216919
831.0 1.5709950923919678
Hurink_rdata15x10
988.0 3.587998867034912
895.0 3.636000394821167
979.0 3.6170005798339844
887.0 3.654996156692505
959.0 3.6330015659332275
Hurink_rdata15x10
1042.0 3.4589991569519043
865.0 3.3719990253448486
962.0 3.396998405456543
958.0 3.4589948654174805
905.0 3.4359967708587646
Hurink_rdata15x10
1010.0 3.6299967765808105
944.0 3.597998857498169
1011.0 3.5660035610198975
958.0 3.6710026264190674
908.0 3.6559958457946777
Hurink_rdata15x10
963.0 3.3839974403381348
952.0 3.419996738433838
962.0 3.4539928436279297
970.0 3.4399971961975098
992.0 3.4320034980773926
Hurink_rdata15x15
1295.0 5.891005754470825
1275.0 5.986995697021484
1169.0 6.064000368118286
1239.0 5.919000148773193
1164.0 5.8859992027282715
Hurink_rdata15x15
1235.0 5.896999359130859
1293.0 5.807000398635864
1105.0 5.868999242782593
1273.0 5.777996778488159
1148.0 5.894999027252197
Hurink_rdata15x15
1209.0 5.814999341964722
1228.0 5.935999870300293
1143.0 5.802998304367065
1176.0 5.851995468139648
1154.0 5.879998683929443
Hurink_rdata15x15
1217.0 5.849999904632568
1272.0 5.883995056152344
1190.0 5.929995536804199
1181.0 5.799002170562744
1149.0 5.855000734329224
Hurink_rdata20x5
1084.0 2.2140016555786133
999.0 2.1869969367980957
1051.0 2.1510016918182373
1139.0 2.177997350692749
1130.0 2.1520020961761475
Hurink_rdata20x5
1087.0 2.234002113342285
955.0 2.1880006790161133
1056.0 2.1489949226379395
1101.0 2.2059977054595947
1121.0 2.2059998512268066
Hurink_rdata20x5
1088.0 2.182999849319458
962.0 2.2069966793060303
1062.0 2.194997549057007
1095.0 2.1220016479492188
1154.0 2.115994691848755
Hurink_rdata20x5
1088.0 2.028998851776123
993.0 2.0469987392425537
1070.0 2.0589942932128906
1100.0 2.070000648498535
1157.0 2.040001630783081
Hurink_rdata20x10
1178.0 5.004995346069336
1218.0 5.0319976806640625
1185.0 5.010990619659424
1105.0 5.103000164031982
1236.0 5.113000869750977
Hurink_rdata20x10
1241.0 4.880996942520142
1199.0 4.937004804611206
1160.0 4.9499993324279785
1058.0 5.0039966106414795
1209.0 4.940000772476196
Hurink_rdata20x10
1124.0 5.095001220703125
1170.0 4.946002006530762
1157.0 4.945991039276123
1084.0 4.979002237319946
1220.0 5.028997421264648
Hurink_rdata20x10
1163.0 5.138001918792725
1205.0 5.0909998416900635
1174.0 5.0979955196380615
1083.0 5.0779993534088135
1198.0 5.040997505187988
Hurink_rdata30x10
1608.0 7.942999601364136
1760.0 7.8669984340667725
1561.0 7.8910017013549805
1636.0 7.891998767852783
1701.0 8.028000354766846
Hurink_rdata30x10
1589.0 7.171999454498291
1741.0 7.2050018310546875
1539.0 7.00799822807312
1578.0 6.8519957065582275
1630.0 6.833075284957886
Hurink_rdata30x10
1576.0 6.4420006275177
1721.0 6.489989995956421
1576.0 6.486985921859741
1591.0 6.503986597061157
1639.0 6.45199990272522
Hurink_rdata30x10
1588.0 6.396007299423218
1686.0 6.386082887649536
1548.0 6.4619152545928955
1599.0 6.388010263442993
1697.0 6.382904052734375
Hurink_vdata10x5
596.0 0.8080110549926758
546.0 0.7989256381988525
523.0 0.8000075817108154
534.0 0.7990579605102539
475.0 0.7999956607818604
Hurink_vdata10x5
651.0 0.7700848579406738
577.0 0.7719542980194092
485.0 0.771075963973999
551.0 0.7430052757263184
475.0 0.7739861011505127
Hurink_vdata10x5
584.0 0.7469968795776367
550.0 0.766007661819458
508.0 0.7689940929412842
548.0 0.7740113735198975
536.0 0.7749860286712646
Hurink_vdata10x5
592.0 0.772982120513916
549.0 0.7549943923950195
507.0 0.7480826377868652
554.0 0.77292799949646
478.0 0.7770001888275146
Hurink_vdata10x10
761.0 1.7409889698028564
676.0 1.736989974975586
687.0 1.7369928359985352
650.0 1.7669947147369385
771.0 1.7810564041137695
Hurink_vdata10x10
805.0 1.7879071235656738
709.0 1.794982671737671
663.0 1.7790119647979736
648.0 1.7960858345031738
803.0 1.792989730834961
Hurink_vdata10x10
756.0 1.7329957485198975
646.0 1.780001163482666
702.0 1.7319858074188232
673.0 1.7589974403381348
785.0 1.7849950790405273
Hurink_vdata10x10
773.0 1.7439920902252197
682.0 1.7110028266906738
673.0 1.705005407333374
641.0 1.702913522720337
774.0 1.6509983539581299
Hurink_vdata15x5
828.0 1.1999919414520264
800.0 1.218996524810791
809.0 1.1680049896240234
883.0 1.1900887489318848
819.0 1.182973861694336
Hurink_vdata15x5
830.0 1.2069940567016602
796.0 1.2009849548339844
786.0 1.1850099563598633
883.0 1.2139928340911865
806.0 1.2020056247711182
Hurink_vdata15x5
817.0 1.2489995956420898
780.0 1.2789759635925293
796.0 1.247087001800537
882.0 1.240006923675537
820.0 1.2689244747161865
Hurink_vdata15x5
817.0 1.2649857997894287
771.0 1.2799205780029297
786.0 1.2460789680480957
884.0 1.2219719886779785
812.0 1.2789950370788574
Hurink_vdata15x10
828.0 2.80497407913208
761.0 2.7819931507110596
834.0 2.820913791656494
797.0 2.752985954284668
775.0 2.763009786605835
Hurink_vdata15x10
836.0 2.751002311706543
782.0 2.745987892150879
837.0 2.7480335235595703
829.0 2.7779998779296875
882.0 2.7910852432250977
Hurink_vdata15x10
830.0 2.8540074825286865
771.0 2.8710789680480957
876.0 2.8820509910583496
812.0 2.853036880493164
810.0 2.8720757961273193
Hurink_vdata15x10
845.0 2.8059089183807373
769.0 2.827008008956909
837.0 2.7779736518859863
807.0 2.72699236869812
835.0 2.7599942684173584
Hurink_vdata15x15
984.0 4.787463665008545
1037.0 4.7431299686431885
972.0 4.768072605133057
1000.0 4.707237482070923
987.0 4.806310176849365
Hurink_vdata15x15
986.0 4.660895109176636
1003.0 4.7019362449646
943.0 4.6275365352630615
972.0 4.664783000946045
956.0 4.763615846633911
Hurink_vdata15x15
996.0 4.6646809577941895
1037.0 4.652376413345337
951.0 4.670268297195435
1020.0 4.752713918685913
958.0 4.652153015136719
Hurink_vdata15x15
965.0 5.078983306884766
1027.0 5.001012325286865
943.0 4.973095178604126
979.0 5.018921136856079
985.0 5.108990669250488
Hurink_vdata20x5
1106.0 2.096999168395996
946.0 2.084986448287964
1041.0 2.0950026512145996
1096.0 2.075000047683716
1120.0 2.068009853363037
Hurink_vdata20x5
1092.0 2.0440053939819336
950.0 2.0970120429992676
1045.0 2.0830025672912598
1085.0 2.0829930305480957
1107.0 2.1059975624084473
Hurink_vdata20x5
1087.0 1.950998306274414
944.0 1.9569892883300781
1039.0 1.9190702438354492
1095.0 1.9599990844726562
1097.0 1.979994535446167
Hurink_vdata20x5
1094.0 1.9859864711761475
942.0 2.01299786567688
1052.0 1.9459924697875977
1082.0 1.9560036659240723
1109.0 1.9709901809692383
Hurink_vdata20x10
1070.0 4.619021892547607
1098.0 4.623987674713135
1098.0 4.567013740539551
1014.0 4.406012296676636
1079.0 4.492007732391357
Hurink_vdata20x10
1072.0 4.339985132217407
1133.0 4.516067028045654
1101.0 4.496921539306641
1051.0 4.448991060256958
1109.0 4.555007219314575
Hurink_vdata20x10
1070.0 4.687997579574585
1115.0 4.648038864135742
1089.0 4.618999004364014
1007.0 4.77301025390625
1095.0 4.6599791049957275
Hurink_vdata20x10
1066.0 4.482995271682739
1102.0 4.416990518569946
1106.0 4.485002517700195
1026.0 4.649971008300781
1093.0 4.672002077102661
Hurink_vdata30x10
1528.0 7.357001543045044
1671.0 7.1609532833099365
1507.0 7.338012933731079
1547.0 7.737073659896851
1560.0 7.392984628677368
Hurink_vdata30x10
1536.0 9.861991882324219
1702.0 8.693999528884888
1514.0 7.999920129776001
1570.0 7.6820032596588135
1576.0 8.642017126083374
Hurink_vdata30x10
1555.0 8.632993698120117
1690.0 9.117002248764038
1504.0 8.294994115829468
1553.0 7.5320093631744385
1567.0 9.219994306564331
Hurink_vdata30x10
1530.0 8.759993076324463
1687.0 8.785996437072754
1508.0 8.473005533218384
1551.0 7.733021974563599
1568.0 7.575974702835083
