Brandimarte10x6
Brandimarte10x6
Brandimarte10x6
26.999997256669403 3600.2006797790527
40.0 3.345043897628784
Brandimarte10x10
Brandimarte10x10
Brandimarte10x10
64.99999966742172 3600.5258717536926
Brandimarte15x4
177.99999998209992 3600.128996372223
Brandimarte15x8
60.0 1934.1930923461914
203.99999992532125 158.45285153388977
Brandimarte20x5
143.9999849250973 3600.300261259079
Brandimarte20x10
Brandimarte20x10
522.9999401966046 3600.3392267227173
329.99999996689985 3600.7307345867157
Brandimarte20x15
239.99999990524626 3601.0733258724213
Hurink_edata10x5
568.0 1.4082119464874268
609.0 0.29560327529907227
550.0 3.5463783740997314
655.0 0.7469594478607178
503.0 0.3945469856262207
Hurink_edata10x10
796.0 1.523324728012085
892.0 0.8429346084594727
842.0 0.9520738124847412
707.0 0.6170012950897217
857.0 1.4661099910736084
Hurink_edata15x5
844.9999689059453 3600.0727281570435
877.9998756308592 3600.0549862384796
832.9999999165979 20.5372633934021
865.9999997379111 10.326974868774414
762.9999999235998 3600.045159816742
Hurink_edata15x10
949.9999999048986 3600.154634952545
1034.9999998963997 3600.1091072559357
907.9999999090976 3600.1226387023926
880.0 158.30865621566772
936.0 220.1994080543518
Hurink_edata15x15
1184.0 194.82628321647644
1150.9999998847998 3600.1897327899933
1160.0 570.8488483428955
1171.9999998826984 3600.131193637848
1397.0 430.12300872802734
Hurink_edata20x5
1105.9999998892997 3600.067684650421
1110.9997825851087 3600.119649171829
1122.999999887596 3600.110275745392
1052.9999990047797 3600.080296754837
959.9999981130027 3600.056435585022
Hurink_edata20x10
1240.9999998757999 3600.179945230484
1160.9999998837998 3600.1867096424103
1188.9999997603138 3600.1704795360565
1235.0 3600.135339975357
1174.9999998823998 3600.191138982773
Hurink_edata30x10
1663.9999998334997 3600.3224720954895
1759.9999998238673 3600.3339529037476
1660.999999833727 3600.354215860367
1652.0 3600.3212525844574
1810.999999818799 3600.2975809574127
Hurink_rdata10x5
529.9999998937908 3600.046369791031
457.99992199998206 3600.052643060684
571.9999996006893 3600.0694239139557
502.9999999495999 3600.0740723609924
477.9999999520999 3600.08273601532
Hurink_rdata10x10
756.0 1.507169485092163
717.0 6.172688007354736
666.0 6.265013933181763
700.0 10.89658260345459
646.0 0.9443473815917969
Hurink_rdata15x5
854.9999993478147 3600.0759761333466
800.9999991534703 3600.0718462467194
751.9999655625004 3600.099660873413
765.9999999232984 3600.442678451538
804.9999011099976 3600.206596851349
Hurink_rdata15x10
873.9999998249941 3600.3935346603394
794.0 3602.655280351639
854.9999999143998 3600.1869575977325
821.9999993803721 3600.211381673813
803.9999999194999 3600.178558588028
Hurink_rdata15x15
1092.9999998905998 3600.544741630554
1040.9999991764305 3600.4014127254486
957.9999991450799 3600.2925832271576
1023.0 593.8554689884186
970.9999999027999 3600.3135628700256
Hurink_rdata20x5
940.9999860478478 3600.166838645935
1040.9999980334517 3600.1543946266174
1090.999998015956 3600.1810624599457
1071.9999998926987 3600.965938806534
1074.9999998923984 3600.1423003673553
Hurink_rdata20x10
1151.9999998846997 3601.0574038028717
1039.9999998958997 3600.308614015579
1133.0 3600.3474173545837
1106.9999997478265 3600.297049999237
1101.9999998896997 3600.338906288147
Hurink_rdata30x10
1721.9999998276996 3600.7400228977203
1644.999999006173 3600.66077542305
1595.9999988310367 3600.7224509716034
1556.9999982722406 3600.6698863506317
1624.9999987875206 3600.737774372101
Hurink_vdata10x5
476.9999999043958 3600.109507083893
570.9999995238802 3600.089269399643
501.99999994969903 3600.1157596111298
529.9999999468989 3600.10732626915
458.9999997439159 3600.079434156418
Hurink_vdata10x10
663.0 3.0432839393615723
756.0 1.4920580387115479
717.0 4.381426811218262
646.0 1.5336027145385742
617.0 127.06388735771179
Hurink_vdata15x5
804.9999989278039 3600.173314332962
802.9999771428986 3600.1281204223633
765.9999998466354 3600.1444730758667
749.9999989521223 3600.1072585582733
853.9999999144982 3601.2805581092834
Hurink_vdata15x10
798.9999999199999 3600.9148433208466
839.9999999158999 3600.8903484344482
811.9999999186987 3600.933830499649
770.9999998455957 3600.759587287903
835.0 3600.8500423431396
Hurink_vdata15x15
943.0 1109.876298904419
955.0 553.465573310852
948.0 1195.645140171051
986.0 2713.998050928116
922.0 916.0526280403137
Hurink_vdata20x5
1091.9999986791333 3600.2170717716217
1039.9999995398584 3600.2520446777344
936.9999999061998 3600.1823852062225
1071.9999992496719 3600.2506427764893
1072.9999991316024 3600.2127447128296
Hurink_vdata20x10
1117.9999998880999 3601.4184033870697
1131.9999998866924 3601.4129316806793
1117.999998955592 3601.377021789551
1107.9999998890999 3601.534591436386
1062.9999986224989 3601.2423963546753
Hurink_vdata30x10
1667.9999998330998 3603.2022972106934
1615.9999998382998 3603.2773654460907
1608.999997691589 3603.328263282776
1750.9999998247997 3603.3289983272552
1800.9999998197998 3603.2689735889435
