Brandimarte10x6
42.0 1.3759710788726807
30.0 1.4543867111206055
Brandimarte10x6
43.0 1.3351118564605713
29.0 1.4911553859710693
Brandimarte10x6
42.0 1.3771593570709229
30.0 1.4909577369689941
Brandimarte10x6
43.0 1.3966686725616455
28.0 1.4771194458007812
Brandimarte10x10
76.0 9.351468086242676
Brandimarte10x10
75.0 9.26625657081604
Brandimarte10x10
77.0 9.232344627380371
Brandimarte10x10
74.0 9.232692956924438
Brandimarte15x4
179.0 4.129396677017212
Brandimarte15x4
178.0 4.145050525665283
Brandimarte15x4
178.0 4.140642881393433
Brandimarte15x4
174.0 4.253136873245239
Brandimarte15x8
67.0 3.8884246349334717
204.0 8.935766220092773
Brandimarte15x8
67.0 3.781594753265381
204.0 9.09194803237915
Brandimarte15x8
67.0 3.7301673889160156
204.0 8.027814626693726
Brandimarte15x8
68.0 3.471191883087158
204.0 7.988227128982544
Brandimarte20x5
158.0 3.763751983642578
Brandimarte20x5
145.0 3.8351550102233887
Brandimarte20x5
146.0 3.8239104747772217
Brandimarte20x5
144.0 3.8121728897094727
Brandimarte20x10
311.0 21.13747525215149
523.0 18.503365755081177
Brandimarte20x10
311.0 21.144737005233765
523.0 18.437724590301514
Brandimarte20x10
311.0 21.01049017906189
523.0 18.447943449020386
Brandimarte20x10
311.0 21.123046398162842
523.0 18.366350412368774
Brandimarte20x15
235.0 25.412626028060913
Brandimarte20x15
224.0 25.944756746292114
Brandimarte20x15
228.0 26.38657259941101
Brandimarte20x15
220.0 25.44023370742798
Hurink_edata10x5
621.0 1.0236845016479492
733.0 1.061699390411377
602.0 1.0576729774475098
621.0 1.0366415977478027
524.0 1.0341682434082031
Hurink_edata10x5
621.0 0.9876987934112549
761.0 1.028247594833374
593.0 1.0616967678070068
631.0 1.0783209800720215
519.0 1.0543227195739746
Hurink_edata10x5
656.0 1.0461771488189697
761.0 1.0597820281982422
580.0 1.022156000137329
618.0 1.0462517738342285
524.0 1.040099859237671
Hurink_edata10x5
623.0 1.0106611251831055
717.0 1.047240972518921
600.0 1.041370153427124
612.0 1.0432121753692627
503.0 1.0171220302581787
Hurink_edata10x10
997.0 4.542258024215698
792.0 4.484963417053223
889.0 4.501445531845093
923.0 4.458788871765137
937.0 5.122138261795044
Hurink_edata10x10
966.0 4.930435419082642
786.0 4.332472562789917
889.0 4.316224813461304
884.0 4.407820224761963
950.0 4.339661359786987
Hurink_edata10x10
1013.0 4.276468992233276
786.0 4.331311225891113
896.0 4.35146689414978
899.0 4.347472429275513
947.0 4.252173900604248
Hurink_edata10x10
1002.0 4.257866859436035
764.0 4.312135696411133
899.0 4.257480621337891
899.0 4.348353624343872
946.0 4.317919731140137
Hurink_edata15x5
910.0 2.1845386028289795
799.0 2.1260173320770264
880.0 2.1479504108428955
900.0 2.1420998573303223
878.0 2.11836314201355
Hurink_edata15x5
833.0 2.118086576461792
806.0 2.104119062423706
869.0 2.0885133743286133
912.0 2.1179587841033936
866.0 2.147291898727417
Hurink_edata15x5
847.0 2.0799474716186523
811.0 2.15500545501709
863.0 2.150559663772583
899.0 2.1528897285461426
866.0 2.110898017883301
Hurink_edata15x5
875.0 2.097886562347412
808.0 2.0958967208862305
863.0 2.1554651260375977
900.0 2.195448160171509
866.0 2.1431026458740234
Hurink_edata15x10
1157.0 8.884703874588013
977.0 8.91896677017212
1071.0 8.926540613174438
1019.0 8.844454288482666
1070.0 8.938912630081177
Hurink_edata15x10
1143.0 8.918651342391968
1014.0 8.948326587677002
1046.0 8.976077318191528
999.0 9.035884380340576
1043.0 8.952645301818848
Hurink_edata15x10
1144.0 9.051771402359009
965.0 8.954078674316406
1042.0 9.020747661590576
986.0 9.048277378082275
1082.0 9.047093868255615
Hurink_edata15x10
1148.0 8.925741195678711
937.0 8.94299864768982
1047.0 8.930997133255005
1006.0 8.924999952316284
1050.0 8.982001543045044
Hurink_edata15x15
1253.0 21.43200135231018
1502.0 22.07200026512146
1313.0 21.928998708724976
1281.0 21.485999584197998
1283.0 21.35200071334839
Hurink_edata15x15
1281.0 21.3059983253479
1493.0 21.75599980354309
1341.0 21.320999145507812
1302.0 21.884999752044678
1289.0 21.48599934577942
Hurink_edata15x15
1275.0 21.36199951171875
1522.0 22.03800058364868
1307.0 21.52299928665161
1293.0 21.422999382019043
1264.0 21.839000701904297
Hurink_edata15x15
1282.0 21.334994554519653
1493.0 21.949999809265137
1302.0 21.35900068283081
1327.0 21.3489990234375
1268.0 21.879000186920166
Hurink_edata20x5
1132.0 3.8199987411499023
979.0 3.788999557495117
1118.0 3.8440053462982178
1148.0 3.728999376296997
1255.0 3.65799880027771
Hurink_edata20x5
1154.0 3.784999132156372
979.0 3.7569987773895264
1059.0 3.812999725341797
1148.0 3.774998903274536
1308.0 3.7799994945526123
Hurink_edata20x5
1123.0 3.7629992961883545
965.0 3.762000799179077
1100.0 3.7929999828338623
1124.0 3.7899997234344482
1290.0 3.7590010166168213
Hurink_edata20x5
1130.0 3.828998565673828
983.0 3.774998426437378
1123.0 3.760000467300415
1124.0 3.74200177192688
1287.0 3.743997573852539
Hurink_edata20x10
1249.0 15.01099967956543
1345.0 15.234002351760864
1321.0 15.209999799728394
1256.0 15.3569974899292
1369.0 15.236000061035156
Hurink_edata20x10
1262.0 15.26799988746643
1329.0 15.230998516082764
1321.0 15.162998914718628
1267.0 15.11300015449524
1366.0 15.068999290466309
Hurink_edata20x10
1253.0 15.268999576568604
1344.0 15.06999945640564
1283.0 15.144999265670776
1252.0 15.239999055862427
1346.0 15.19800066947937
Hurink_edata20x10
1285.0 15.20099925994873
1363.0 15.193997859954834
1308.0 15.23099970817566
1254.0 15.21999740600586
1357.0 15.273001670837402
Hurink_edata30x10
1691.0 33.05099940299988
1818.0 32.94600248336792
1695.0 32.989999294281006
1765.0 32.90399622917175
1807.0 33.06300091743469
Hurink_edata30x10
1718.0 33.086998462677
1786.0 33.013999700546265
1701.0 33.029998779296875
1729.0 32.84699892997742
1817.0 33.06600022315979
Hurink_edata30x10
1680.0 32.946000814437866
1803.0 33.15199589729309
1670.0 32.99300146102905
1706.0 32.7230007648468
1807.0 32.91300129890442
Hurink_edata30x10
1719.0 33.08600115776062
1791.0 33.060999155044556
1684.0 33.09099817276001
1734.0 32.899996757507324
1817.0 32.94200015068054
Hurink_rdata10x5
584.0 1.0900006294250488
556.0 1.0319998264312744
497.0 1.018005132675171
519.0 1.0039982795715332
463.0 1.015000343322754
Hurink_rdata10x5
589.0 1.040999174118042
552.0 1.0239946842193604
490.0 0.9929971694946289
518.0 1.040003776550293
463.0 1.0100014209747314
Hurink_rdata10x5
583.0 1.026000738143921
547.0 0.9899997711181641
487.0 1.0000004768371582
509.0 1.0239982604980469
468.0 1.0229978561401367
Hurink_rdata10x5
589.0 1.0440003871917725
562.0 1.0099997520446777
496.0 1.061997652053833
516.0 1.0120010375976562
464.0 0.9999995231628418
Hurink_rdata10x10
763.0 4.285998344421387
678.0 4.268000602722168
710.0 4.256000518798828
772.0 4.246999502182007
863.0 4.307000637054443
Hurink_rdata10x10
762.0 4.3420021533966064
667.0 4.298998594284058
710.0 4.311998128890991
788.0 4.286998510360718
842.0 4.24799919128418
Hurink_rdata10x10
760.0 4.286000728607178
663.0 4.276997804641724
728.0 4.326000452041626
769.0 4.314999103546143
843.0 4.301998615264893
Hurink_rdata10x10
765.0 4.3020007610321045
678.0 4.327998876571655
720.0 4.2350013256073
806.0 4.257999658584595
836.0 4.233999967575073
Hurink_rdata15x5
819.0 2.109999418258667
759.0 2.1399998664855957
776.0 2.0919981002807617
871.0 2.0339999198913574
813.0 2.105999708175659
Hurink_rdata15x5
804.0 2.084000587463379
758.0 2.0270066261291504
770.0 2.1499993801116943
865.0 2.0840001106262207
817.0 2.091001272201538
Hurink_rdata15x5
807.0 2.14599871635437
757.0 2.116999864578247
771.0 2.1250009536743164
863.0 2.0759990215301514
817.0 2.191999912261963
Hurink_rdata15x5
809.0 2.070000410079956
755.0 2.0870020389556885
769.0 2.15000057220459
863.0 2.1010000705718994
818.0 2.1199991703033447
Hurink_rdata15x10
943.0 8.877001285552979
836.0 9.009999990463257
905.0 8.99899959564209
890.0 8.962002515792847
888.0 8.996999979019165
Hurink_rdata15x10
921.0 8.970002174377441
830.0 8.814996480941772
911.0 8.863001823425293
891.0 8.824999809265137
858.0 8.96299934387207
Hurink_rdata15x10
953.0 8.982998847961426
842.0 9.037999629974365
909.0 8.893998861312866
898.0 8.89400053024292
877.0 8.90499997138977
Hurink_rdata15x10
960.0 8.82100224494934
842.0 8.963999032974243
913.0 8.923998594284058
891.0 8.973998308181763
881.0 8.922999143600464
Hurink_rdata15x15
1143.0 21.359999656677246
1191.0 21.244999408721924
1089.0 21.723997592926025
1121.0 21.48999857902527
1085.0 21.32099986076355
Hurink_rdata15x15
1129.0 21.404000997543335
1186.0 21.94799828529358
1071.0 21.149988174438477
1136.0 21.355000257492065
1061.0 21.90700101852417
Hurink_rdata15x15
1162.0 21.32199192047119
1202.0 21.8030002117157
1096.0 21.30699872970581
1126.0 21.41599750518799
1099.0 21.82800006866455
Hurink_rdata15x15
1146.0 21.49399995803833
1198.0 21.61599898338318
1079.0 21.314998865127563
1120.0 21.298999309539795
1078.0 21.723999500274658
Hurink_rdata20x5
1074.0 3.6910016536712646
948.0 3.7320001125335693
1043.0 3.749995470046997
1080.0 3.8069939613342285
1108.0 3.7380001544952393
Hurink_rdata20x5
1078.0 3.7250003814697266
941.0 3.8010003566741943
1041.0 3.7980000972747803
1077.0 3.8129990100860596
1095.0 3.8389997482299805
Hurink_rdata20x5
1079.0 3.7310004234313965
937.0 3.7609987258911133
1043.0 3.73699951171875
1076.0 3.767000198364258
1119.0 3.865999460220337
Hurink_rdata20x5
1075.0 3.786999464035034
942.0 3.868999481201172
1041.0 3.7670013904571533
1073.0 3.7800004482269287
1094.0 3.73299241065979
Hurink_rdata20x10
1121.0 15.08699917793274
1163.0 15.261001586914062
1131.0 15.2760009765625
1053.0 15.143001079559326
1184.0 15.10100245475769
Hurink_rdata20x10
1113.0 15.09600019454956
1155.0 15.085999965667725
1143.0 15.170508861541748
1041.0 15.135998487472534
1175.0 16.380326509475708
Hurink_rdata20x10
1112.0 17.524675846099854
1158.0 15.289205312728882
1112.0 15.255239486694336
1047.0 15.137389659881592
1162.0 15.235211610794067
Hurink_rdata20x10
1127.0 15.295509576797485
1169.0 15.375659942626953
1139.0 15.066868543624878
1056.0 15.12598991394043
1169.0 15.056589603424072
Hurink_rdata30x10
1571.0 33.05238676071167
1686.0 33.02073788642883
1523.0 33.13676571846008
1559.0 33.20586085319519
1591.0 32.95865225791931
Hurink_rdata30x10
1549.0 32.96821475028992
1692.0 33.01665687561035
1523.0 33.02124547958374
1552.0 32.935062646865845
1575.0 33.1580650806427
Hurink_rdata30x10
1545.0 33.19329237937927
1706.0 32.925957441329956
1528.0 33.16936898231506
1557.0 33.03085207939148
1576.0 33.042001247406006
Hurink_rdata30x10
1550.0 33.037997007369995
1698.0 32.97000288963318
1521.0 32.91999959945679
1558.0 33.053998708724976
1585.0 32.835001707077026
Hurink_vdata10x5
574.0 1.0289976596832275
534.0 1.0619986057281494
487.0 1.0410001277923584
517.0 1.0330002307891846
465.0 1.0650012493133545
Hurink_vdata10x5
579.0 1.0049993991851807
534.0 1.047001838684082
486.0 1.031999111175537
516.0 1.072000503540039
461.0 1.0319983959197998
Hurink_vdata10x5
579.0 1.0089988708496094
538.0 1.0500004291534424
490.0 1.078000545501709
508.0 1.0320003032684326
479.0 1.011000156402588
Hurink_vdata10x5
576.0 1.012000322341919
534.0 1.0059998035430908
482.0 1.021000623703003
519.0 1.0210013389587402
465.0 1.0290002822875977
Hurink_vdata10x10
721.0 4.243001937866211
646.0 4.36299991607666
663.0 4.2829976081848145
617.0 4.227999448776245
756.0 4.297001123428345
Hurink_vdata10x10
720.0 4.2939982414245605
646.0 4.25
663.0 4.2350006103515625
619.0 4.20099949836731
756.0 4.215001344680786
Hurink_vdata10x10
721.0 4.2429986000061035
646.0 4.261000633239746
663.0 4.223998069763184
629.0 4.258997917175293
756.0 4.233999013900757
Hurink_vdata10x10
720.0 4.198998212814331
646.0 4.17799973487854
663.0 4.263999938964844
626.0 4.26099967956543
756.0 4.330000877380371
Hurink_vdata15x5
801.0 2.0779998302459717
763.0 2.117004871368408
771.0 2.0849995613098145
860.0 2.159000873565674
807.0 2.106001138687134
Hurink_vdata15x5
804.0 2.121976137161255
760.0 2.1359994411468506
771.0 2.127000570297241
862.0 2.0379996299743652
807.0 2.104999542236328
Hurink_vdata15x5
802.0 2.077000141143799
756.0 2.046999931335449
770.0 2.1130008697509766
858.0 2.111992359161377
809.0 2.107999563217163
Hurink_vdata15x5
804.0 2.101999282836914
758.0 2.125000476837158
770.0 2.0970003604888916
858.0 2.159999132156372
806.0 2.1090004444122314
Hurink_vdata15x10
811.0 8.887999534606934
747.0 8.889004230499268
821.0 8.930001258850098
783.0 8.948001623153687
765.0 8.8759925365448
Hurink_vdata15x10
815.0 9.002001285552979
751.0 8.864999532699585
825.0 8.888998746871948
782.0 8.862000465393066
769.0 8.824002742767334
Hurink_vdata15x10
825.0 8.838000059127808
763.0 8.934998035430908
834.0 8.962001323699951
793.0 8.921920537948608
780.0 8.870001316070557
Hurink_vdata15x10
815.0 8.827001094818115
751.0 8.851001739501953
831.0 8.944997310638428
783.0 8.77899956703186
765.0 8.86999773979187
Hurink_vdata15x15
951.0 21.11899995803833
990.0 21.654000759124756
943.0 21.295000314712524
933.0 21.310999870300293
955.0 21.65899896621704
Hurink_vdata15x15
951.0 21.21299982070923
991.0 21.312999963760376
943.0 21.15600085258484
938.0 21.550999402999878
955.0 21.21799945831299
Hurink_vdata15x15
949.0 21.761000871658325
991.0 21.661996841430664
943.0 21.210999488830566
935.0 21.455998420715332
955.0 21.689999103546143
Hurink_vdata15x15
954.0 21.363999128341675
991.0 21.31899905204773
943.0 21.306999444961548
936.0 21.48499894142151
955.0 21.374988079071045
Hurink_vdata20x5
1078.0 3.8640005588531494
937.0 3.786999225616455
1040.0 3.7590012550354004
1073.0 3.7940006256103516
1091.0 3.736999988555908
Hurink_vdata20x5
1074.0 3.7849998474121094
939.0 3.8230011463165283
1040.0 3.7970006465911865
1074.0 3.718998432159424
1090.0 3.752000093460083
Hurink_vdata20x5
1074.0 3.796999931335449
936.0 3.7809998989105225
1039.0 3.744999885559082
1072.0 3.793998956680298
1091.0 3.801997661590576
Hurink_vdata20x5
1074.0 3.7239990234375
938.0 3.809999942779541
1041.0 3.859001874923706
1072.0 3.714999198913574
1090.0 3.745999813079834
Hurink_vdata20x10
1057.0 15.075001001358032
1091.0 15.038926362991333
1075.0 15.049998998641968
999.0 15.060998916625977
1076.0 15.035999774932861
Hurink_vdata20x10
1058.0 15.126999139785767
1095.0 15.164000511169434
1078.0 15.112996578216553
998.0 15.073001384735107
1079.0 15.15600061416626
Hurink_vdata20x10
1064.0 15.141001462936401
1102.0 15.11999773979187
1082.0 15.14600157737732
1002.0 15.116997957229614
1078.0 15.100000143051147
Hurink_vdata20x10
1059.0 15.078001022338867
1089.0 15.008001565933228
1075.0 15.192996263504028
999.0 15.061997413635254
1078.0 15.116000413894653
Hurink_vdata30x10
1523.0 32.92699933052063
1665.0 32.95398783683777
1503.0 32.90999913215637
1542.0 32.83100128173828
1555.0 32.9050018787384
Hurink_vdata30x10
1524.0 33.00699853897095
1668.0 32.99400019645691
1507.0 33.170000076293945
1546.0 32.99899888038635
1556.0 33.00200080871582
Hurink_vdata30x10
1526.0 32.92299222946167
1666.0 33.140000104904175
1504.0 32.9039990901947
1543.0 33.02799963951111
1562.0 32.977999210357666
Hurink_vdata30x10
1523.0 32.954999685287476
1666.0 33.08099865913391
1503.0 33.002999782562256
1544.0 33.02299904823303
1557.0 32.978999376297
