Brandimarte10x6
Brandimarte10x6
Brandimarte10x6
55
49
Brandimarte10x10
127
Brandimarte15x4
212
Brandimarte15x8
87
277
Brandimarte20x5
225
Brandimarte20x10
Brandimarte10x6
Brandimarte10x6
56
45
Brandimarte10x10
Brandimarte10x6
50
44
Brandimarte10x10
123
Brandimarte15x4
202
Brandimarte15x8
82
253
Brandimarte20x5
205
Brandimarte20x10
562
427
Brandimarte20x15
358
Hurink_edata10x5
659
726
596
628
543
Hurink_edata10x10
985
794
916
919
980
1230
Brandimarte10x6
50
42
Brandimarte10x10
128
Brandimarte15x4
213
Brandimarte15x8
82
260
Brandimarte20x5
230
Brandimarte20x10
575
455
Brandimarte20x15
363
Hurink_edata10x5
690
723
602
628
556

Hurink_edata10x10
1007
807
919
940
981
Hurink_edata15x5
870
944
970
944
916
Hurink_edata15x10
1252
1108
1127
1116
1162
Hurink_edata15x15
1434
1665
1458
1461
1388
Hurink_edata20x5
1206
1060
1141
1239
1293
Hurink_edata20x10
1403
1514
1435
1417
1511
Hurink_edata30x10
1930
2039
1879
1910
2139
Hurink_rdata10x5
727
648
602
611
558
Hurink_rdata10x10
961
797
869
923
974
Hurink_rdata15x5
968
982
976
1231
959
Hurink_rdata15x10
1243
1120
1219
1238
1180
Hurink_rdata15x15
1485
1552
1422
1433
1414
Hurink_rdata20x5
1366
1137
1373
1309
1269
Hurink_rdata20x10
1476
1521
1565
1392
1580
Hurink_rdata30x10
2168
2233
1983
1956
1967
Hurink_vdata10x5
789
695
622
618
542
Hurink_vdata10x10
914
802
882
908
967
Hurink_vdata15x5
965
1079
1112
974
1084
Hurink_vdata15x10
1221
1142
1189
1193
1163
Hurink_vdata15x15
1464
1552
1368
1451
1391
Hurink_vdata20x5
1480
1177
1283
1491
1606
Hurink_vdata20x10
1625
1655
1571
1418
1828
Hurink_vdata30x10
2082
2463
2080
2172
2152
