Brandimarte10x6
Brandimarte10x6
42
31
Brandimarte10x10
83
Brandimarte15x4
177
Brandimarte15x8
66
204
Brandimarte20x5
164
Brandimarte20x10
523
326
Brandimarte20x15
257
Hurink_edata10x5
612
656
567
589
503

Hurink_edata10x10
918
742
847
821
866
Hurink_edata15x5
790
848
911
866
833
Hurink_edata15x10
1105
934
1029
981
978
Hurink_edata15x15
1254
1449
1252
1275
1245
Hurink_edata20x5
1112
968
1059
1138
1149
Hurink_edata20x10
1256
1306
1259
1242
1364
Hurink_edata30x10
1715
1860
1695
1746
1809
Hurink_rdata10x5
588
544
496
523
476
Hurink_rdata10x10
777
674
716
773
787
Hurink_rdata15x5
767
788
872
820
812
Hurink_rdata15x10
999
904
978
949
923
Hurink_rdata15x15
1218
1266
1132
1197
1161
Hurink_rdata20x5
1100
954
1066
1094
1126
Hurink_rdata20x10
1247
1284
1266
1157
1273
Hurink_rdata30x10
1712
1902
1704
1749
1760
Hurink_vdata10x5
590
551
498
525
471
Hurink_vdata10x10
755
655
727
733
784
Hurink_vdata15x5
765
791
877
831
826
Hurink_vdata15x10
1007
905
1019
947
920
Hurink_vdata15x15
1183
1303
1143
1181
1175
Hurink_vdata20x5
1096
954
1079
1103
1130
Hurink_vdata20x10
1275
1301
1288
1191
1292
Hurink_vdata30x10
1720
1866
1717
1778
1772
