Brandimarte10x6
43.0 5.306841850280762
35.0 6.096152067184448
Brandimarte10x6
42.0 5.271683692932129
36.0 5.610288143157959
Brandimarte10x6
43.0 5.684196710586548
37.0 6.683456659317017
Brandimarte10x6
45.0 6.4064342975616455
38.0 7.475863456726074
Brandimarte10x10
90.0 58.584060192108154
Brandimarte10x10
89.0 55.66386675834656
Brandimarte10x10
92.0 56.08480525016785
Brandimarte10x10
92.0 56.65720868110657
Brandimarte15x4
180.0 26.43649649620056
Brandimarte15x4
183.0 26.221612691879272
Brandimarte15x4
184.0 25.74688148498535
Brandimarte15x4
189.0 25.84539031982422
Brandimarte15x8
69.0 18.899555444717407
204.0 57.63004660606384
Brandimarte15x8
69.0 18.402157306671143
204.0 57.226895809173584
Brandimarte15x8
73.0 18.452081441879272
205.0 57.102360248565674
Brandimarte15x8
74.0 18.450002193450928
218.0 56.68005633354187
Brandimarte20x5
187.0 23.869916439056396
Brandimarte20x5
189.0 21.24136972427368
Brandimarte20x5
192.0 21.169545650482178
Brandimarte20x5
201.0 21.72707962989807
Brandimarte20x10
523.0 147.83807253837585
328.0 171.1752064228058
Brandimarte20x10
523.0 149.11365962028503
323.0 169.87743830680847
Brandimarte20x10
523.0 145.06648015975952
333.0 167.39726972579956
Brandimarte20x10
523.0 146.4918339252472
342.0 169.85679697990417
Brandimarte20x15
254.0 175.84609818458557
Brandimarte20x15
253.0 176.35567617416382
Brandimarte20x15
258.0 176.49218797683716
Brandimarte20x15
277.0 175.18127727508545
Hurink_edata10x5
621.0 5.307999849319458
715.0 5.170000791549683
601.0 5.231001138687134
625.0 5.187001943588257
519.0 5.181419372558594
Hurink_edata10x5
621.0 5.162999153137207
692.0 5.095242738723755
612.0 5.09400200843811
625.0 5.054998874664307
522.0 5.454702138900757
Hurink_edata10x5
624.0 5.187779903411865
698.0 5.292995929718018
583.0 5.2699995040893555
619.0 5.244000434875488
513.0 5.229000568389893
Hurink_edata10x5
676.0 5.247995615005493
730.0 5.254000425338745
619.0 5.202997207641602
629.0 5.194443702697754
515.0 5.212332248687744
Hurink_edata10x10
1018.0 23.648327350616455
806.0 23.594804286956787
880.0 23.806999921798706
893.0 23.521422147750854
937.0 23.589000701904297
Hurink_edata10x10
977.0 23.51499843597412
780.0 23.488001108169556
896.0 23.480756521224976
884.0 23.603000164031982
943.0 23.117167949676514
Hurink_edata10x10
998.0 23.17668867111206
806.0 23.11201763153076
895.0 23.269996643066406
884.0 23.309003114700317
940.0 23.013993740081787
Hurink_edata10x10
959.0 22.820002555847168
775.0 23.279996633529663
940.0 23.048872470855713
879.0 23.29948854446411
950.0 23.3319993019104
Hurink_edata15x5
830.0 12.148411750793457
860.0 12.270843267440796
912.0 12.31299901008606
873.0 12.27500033378601
836.0 12.268999099731445
Hurink_edata15x5
831.0 12.01800012588501
860.0 11.98734450340271
912.0 11.911973237991333
876.0 12.125999689102173
833.0 12.058000326156616
Hurink_edata15x5
846.0 11.922003984451294
860.0 13.89843225479126
918.0 12.937736511230469
887.0 12.8364577293396
853.0 13.156590223312378
Hurink_edata15x5
869.0 12.601969242095947
869.0 12.58594036102295
910.0 12.556666135787964
916.0 12.535695791244507
866.0 12.523618221282959
Hurink_edata15x10
1153.0 57.11744475364685
987.0 55.39327812194824
1058.0 55.11260437965393
1002.0 55.159512519836426
1043.0 52.105472803115845
Hurink_edata15x10
1149.0 52.04855275154114
977.0 52.29549741744995
1062.0 51.84128022193909
986.0 51.35335183143616
1051.0 52.94779896736145
Hurink_edata15x10
1136.0 52.75
1017.0 52.915669202804565
1057.0 52.66227746009827
1026.0 52.79199838638306
1068.0 53.95199751853943
Hurink_edata15x10
1191.0 53.985997438430786
1042.0 54.110000133514404
1064.0 54.266000747680664
1074.0 53.97500276565552
1097.0 53.719998836517334
Hurink_edata15x15
1268.0 149.29200267791748
1546.0 149.4907865524292
1310.0 145.35705399513245
1323.0 146.3010015487671
1271.0 148.50900077819824
Hurink_edata15x15
1294.0 147.3870005607605
1515.0 148.48999977111816
1271.0 150.6679961681366
1291.0 150.95399594306946
1285.0 150.6020004749298
Hurink_edata15x15
1285.0 150.25900197029114
1540.0 150.53299856185913
1363.0 150.27500081062317
1333.0 146.17299938201904
1289.0 140.99999904632568
Hurink_edata15x15
1387.0 142.00600123405457
1573.0 152.8024616241455
1346.0 156.70552134513855
1353.0 159.05423021316528
1282.0 158.9251389503479
Hurink_edata20x5
1128.0 23.196892499923706
982.0 23.23421621322632
1078.0 22.75223445892334
1148.0 22.209193229675293
1180.0 22.319817543029785
Hurink_edata20x5
1126.0 22.047999382019043
981.0 22.085005283355713
1083.0 21.841006755828857
1147.0 22.10200023651123
1169.0 22.04100012779236
Hurink_edata20x5
1155.0 21.649999618530273
986.0 21.818005323410034
1092.0 21.784953117370605
1162.0 21.88900899887085
1238.0 21.826000213623047
Hurink_edata20x5
1170.0 21.946916341781616
998.0 22.078000783920288
1102.0 20.752012014389038
1158.0 20.717012643814087
1208.0 20.862874746322632
Hurink_edata20x10
1258.0 110.10754776000977
1333.0 112.1510055065155
1339.0 112.95100045204163
1282.0 112.61094808578491
1378.0 112.5569977760315
Hurink_edata20x10
1270.0 113.96600031852722
1338.0 114.30338907241821
1310.0 114.55734491348267
1294.0 114.23461747169495
1366.0 114.34501576423645
Hurink_edata20x10
1267.0 113.5890007019043
1384.0 113.11529326438904
1346.0 113.21482515335083
1294.0 113.09062933921814
1397.0 113.06699991226196
Hurink_edata20x10
1297.0 93.108078956604
1417.0 89.47692131996155
1357.0 89.40000033378601
1358.0 89.17600154876709
1470.0 89.13999843597412
Hurink_edata30x10
1730.0 244.89907598495483
1831.0 239.28208589553833
1665.0 233.11396551132202
1738.0 233.74107837677002
1850.0 233.85400533676147
Hurink_edata30x10
1695.0 233.46711206436157
1789.0 232.8566131591797
1687.0 233.2865355014801
1738.0 232.88709115982056
1826.0 232.62328171730042
Hurink_edata30x10
1773.0 231.53106999397278
1843.0 231.48569774627686
1645.0 231.756000995636
1755.0 232.14071702957153
1852.0 230.9150002002716
Hurink_edata30x10
1801.0 231.38715481758118
1888.0 232.36493134498596
1742.0 232.7209186553955
1793.0 231.55721426010132
1936.0 231.70101499557495
Hurink_rdata10x5
584.0 3.907996892929077
564.0 3.8941128253936768
485.0 3.9170005321502686
520.0 3.868999481201172
471.0 3.818997859954834
Hurink_rdata10x5
588.0 3.7280001640319824
556.0 3.7659997940063477
491.0 3.759000062942505
520.0 3.794001579284668
470.0 3.6759984493255615
Hurink_rdata10x5
603.0 3.694999933242798
554.0 3.7190005779266357
486.0 3.667999029159546
531.0 3.694000005722046
470.0 3.7259998321533203
Hurink_rdata10x5
617.0 3.6930737495422363
593.0 3.6899325847625732
513.0 3.736992597579956
543.0 3.694000244140625
473.0 3.6449997425079346
Hurink_rdata10x10
778.0 16.995116233825684
686.0 17.069020748138428
715.0 16.878992557525635
785.0 17.36209201812744
841.0 17.127006769180298
Hurink_rdata10x10
763.0 16.88599991798401
665.0 16.707002878189087
713.0 16.903998374938965
789.0 16.846001625061035
814.0 16.758150100708008
Hurink_rdata10x10
766.0 16.503007411956787
712.0 16.58400011062622
730.0 16.51400661468506
808.0 16.635000228881836
863.0 16.596999645233154
Hurink_rdata10x10
796.0 16.680001497268677
678.0 16.534998893737793
719.0 16.444999933242798
805.0 16.633007049560547
852.0 16.55799674987793
Hurink_rdata15x5
760.0 8.645000696182251
781.0 8.571006774902344
877.0 8.627006769180298
822.0 8.619071006774902
810.0 8.7099289894104
Hurink_rdata15x5
762.0 8.448007583618164
783.0 8.508000135421753
865.0 8.350993871688843
820.0 8.370013236999512
811.0 8.470006942749023
Hurink_rdata15x5
765.0 8.378000020980835
792.0 8.401006698608398
889.0 8.361791372299194
830.0 8.421011686325073
813.0 8.355074167251587
Hurink_rdata15x5
768.0 8.340003967285156
775.0 8.47100281715393
885.0 8.440000295639038
836.0 8.480993747711182
811.0 8.424006223678589
Hurink_rdata15x10
944.0 42.595093965530396
856.0 42.273120164871216
914.0 42.368717193603516
922.0 42.616987466812134
891.0 42.5479302406311
Hurink_rdata15x10
919.0 42.179091930389404
857.0 42.036020040512085
919.0 41.933069705963135
889.0 42.2341411113739
889.0 42.21699905395508
Hurink_rdata15x10
948.0 41.871999979019165
888.0 41.58001351356506
946.0 41.74924635887146
925.0 41.801000118255615
902.0 41.769999742507935
Hurink_rdata15x10
944.0 41.618998289108276
900.0 41.709174156188965
953.0 41.89408588409424
943.0 41.9810049533844
960.0 41.85400629043579
Hurink_rdata15x15
1152.0 116.5629243850708
1202.0 117.00800061225891
1089.0 116.85900211334229
1132.0 117.73938655853271
1077.0 117.63899731636047
Hurink_rdata15x15
1154.0 116.27811288833618
1190.0 116.71799731254578
1073.0 116.31250739097595
1131.0 116.0810079574585
1089.0 116.29899287223816
Hurink_rdata15x15
1184.0 115.72499990463257
1241.0 115.82509732246399
1098.0 115.43800091743469
1170.0 116.13407301902771
1104.0 115.98600339889526
Hurink_rdata15x15
1173.0 115.59700155258179
1199.0 115.89307641983032
1129.0 116.32012557983398
1160.0 114.57104587554932
1117.0 116.36608481407166
Hurink_rdata20x5
1074.0 16.445132970809937
952.0 16.392000198364258
1050.0 16.468016386032104
1105.0 16.602091789245605
1118.0 16.502013206481934
Hurink_rdata20x5
1086.0 16.291098594665527
950.0 16.10699987411499
1054.0 16.14199995994568
1083.0 16.270020246505737
1113.0 16.177992582321167
Hurink_rdata20x5
1081.0 16.062095165252686
962.0 16.027999877929688
1061.0 16.0160653591156
1102.0 15.998927354812622
1127.0 16.0220148563385
Hurink_rdata20x5
1094.0 16.19293785095215
979.0 16.190000772476196
1069.0 16.190022945404053
1103.0 16.375082969665527
1140.0 16.130014181137085
Hurink_rdata20x10
1132.0 85.44000196456909
1175.0 85.26999974250793
1151.0 85.21809697151184
1076.0 85.53200459480286
1166.0 85.81924629211426
Hurink_rdata20x10
1122.0 84.93291854858398
1162.0 84.87800669670105
1151.0 84.68208384513855
1075.0 84.83567810058594
1181.0 84.99999904632568
Hurink_rdata20x10
1147.0 84.46510410308838
1222.0 84.15600419044495
1190.0 84.13678789138794
1099.0 84.00700044631958
1185.0 84.12800788879395
Hurink_rdata20x10
1198.0 84.16613411903381
1229.0 84.26692914962769
1227.0 84.41699719429016
1120.0 83.9319999217987
1239.0 84.17604660987854
Hurink_rdata30x10
1571.0 232.5420892238617
1722.0 233.70438861846924
1547.0 234.11711168289185
1576.0 234.41400575637817
1625.0 234.5701117515564
Hurink_rdata30x10
1582.0 233.32909512519836
1701.0 233.1892647743225
1544.0 233.78800773620605
1578.0 233.28762245178223
1605.0 233.78321957588196
Hurink_rdata30x10
1588.0 232.03192281723022
1728.0 232.36160039901733
1569.0 233.73868680000305
1591.0 232.55500483512878
1624.0 233.6780207157135
Hurink_rdata30x10
1617.0 233.02162837982178
1768.0 232.20200443267822
1628.0 231.83554935455322
1630.0 233.14809489250183
1683.0 232.66818594932556
Hurink_vdata10x5
580.0 3.855001449584961
541.0 3.8689990043640137
486.0 3.919999599456787
520.0 3.9020004272460938
465.0 3.879002332687378
Hurink_vdata10x5
581.0 3.7069995403289795
537.0 3.7350003719329834
497.0 3.6999998092651367
513.0 3.7650015354156494
470.0 3.7229983806610107
Hurink_vdata10x5
598.0 3.635007381439209
558.0 3.7359941005706787
498.0 3.715999126434326
521.0 3.7169992923736572
481.0 3.7190001010894775
Hurink_vdata10x5
603.0 3.7639994621276855
565.0 3.751999855041504
507.0 3.6459999084472656
520.0 3.7360000610351562
486.0 3.7070000171661377
Hurink_vdata10x10
719.0 16.791001081466675
646.0 16.92800498008728
663.0 16.971344470977783
623.0 17.12000060081482
756.0 17.061004400253296
Hurink_vdata10x10
717.0 16.52492594718933
646.0 16.37000012397766
663.0 16.679996252059937
620.0 16.727001428604126
756.0 16.508999347686768
Hurink_vdata10x10
717.0 16.49807095527649
646.0 16.41396951675415
663.0 16.51300048828125
620.0 16.617000341415405
756.0 16.466077089309692
Hurink_vdata10x10
718.0 16.378995656967163
646.0 16.34409189224243
663.0 16.46300745010376
631.0 16.52900004386902
756.0 16.271992921829224
Hurink_vdata15x5
763.0 8.673999547958374
776.0 8.66700029373169
865.0 8.689007043838501
818.0 8.700522899627686
802.0 8.612993001937866
Hurink_vdata15x5
763.0 8.426007270812988
776.0 8.256999492645264
861.0 8.393020153045654
813.0 8.406006813049316
814.0 8.509020566940308
Hurink_vdata15x5
761.0 8.401999950408936
781.0 8.375077724456787
874.0 8.383920431137085
817.0 8.347003936767578
806.0 8.32300066947937
Hurink_vdata15x5
781.0 8.471007108688354
780.0 8.361005306243896
873.0 8.523993253707886
825.0 8.4560067653656
826.0 8.413999795913696
Hurink_vdata15x10
823.0 42.56106686592102
756.0 42.39831280708313
833.0 42.502108573913574
793.0 42.3979971408844
785.0 42.30371284484863
Hurink_vdata15x10
828.0 41.83200144767761
753.0 41.72300052642822
836.0 41.871206521987915
800.0 41.541049003601074
780.0 41.56000065803528
Hurink_vdata15x10
828.0 41.58530282974243
764.0 41.578999519348145
843.0 41.58000159263611
797.0 41.61200451850891
783.0 41.44199323654175
Hurink_vdata15x10
840.0 41.48715019226074
776.0 41.637022972106934
853.0 41.7460834980011
827.0 41.44199895858765
813.0 41.49199962615967
Hurink_vdata15x15
949.0 116.51832509040833
991.0 116.10072541236877
943.0 116.05809450149536
937.0 116.51401996612549
955.0 116.53099393844604
Hurink_vdata15x15
951.0 114.90646171569824
995.0 114.84709405899048
943.0 115.02892851829529
939.0 115.17600679397583
955.0 115.44336152076721
Hurink_vdata15x15
949.0 114.7859275341034
990.0 115.1710159778595
943.0 114.92508888244629
938.0 114.95417976379395
955.0 115.00810480117798
Hurink_vdata15x15
957.0 114.9351065158844
1002.0 114.54000091552734
943.0 114.90351629257202
940.0 114.15001726150513
955.0 114.51124882698059
Hurink_vdata20x5
1081.0 16.412120580673218
948.0 16.49100112915039
1045.0 16.418004751205444
1081.0 16.489145278930664
1102.0 16.61699390411377
Hurink_vdata20x5
1085.0 16.196119785308838
946.0 16.13900065422058
1042.0 16.393998384475708
1085.0 16.29507064819336
1105.0 16.356916427612305
Hurink_vdata20x5
1076.0 16.09008550643921
955.0 16.05500602722168
1044.0 16.17858648300171
1080.0 16.08000159263611
1104.0 15.93600082397461
Hurink_vdata20x5
1094.0 16.161007165908813
954.0 16.241020679473877
1066.0 16.0952250957489
1091.0 16.003015995025635
1105.0 16.098092317581177
Hurink_vdata20x10
1071.0 85.04708743095398
1107.0 84.75899195671082
1081.0 85.1130006313324
1013.0 85.17416501045227
1088.0 85.46192741394043
Hurink_vdata20x10
1070.0 84.44819903373718
1101.0 84.0170214176178
1090.0 84.16408085823059
1013.0 84.24000644683838
1093.0 84.08199763298035
Hurink_vdata20x10
1078.0 83.84900736808777
1103.0 83.8949933052063
1096.0 84.09299993515015
1016.0 84.1231119632721
1098.0 83.53600764274597
Hurink_vdata20x10
1096.0 84.05507183074951
1137.0 83.60499477386475
1106.0 83.73399877548218
1050.0 83.8380868434906
1119.0 83.50801801681519
Hurink_vdata30x10
1536.0 231.81910133361816
1679.0 232.5382854938507
1514.0 232.90314245224
1556.0 233.7779152393341
1568.0 233.91999888420105
Hurink_vdata30x10
1542.0 232.51398015022278
1676.0 232.0203914642334
1510.0 231.7651858329773
1556.0 232.08720874786377
1570.0 231.60501194000244
Hurink_vdata30x10
1535.0 230.84467887878418
1680.0 232.57201147079468
1517.0 232.46176290512085
1561.0 231.4880075454712
1569.0 231.27020168304443
Hurink_vdata30x10
1551.0 231.11302042007446
1682.0 230.7400074005127
1517.0 249.25882411003113
1578.0 281.18335723876953
1580.0 257.6195638179779
