Brandimarte10x6
49 0.14199614524841309
32 0.2780013084411621
Brandimarte10x10
75 0.6150016784667969
Brandimarte15x4
192 0.5550057888031006
Brandimarte15x8
75 0.3299984931945801
213 0.7429919242858887
Brandimarte20x5
167 0.9539992809295654
Brandimarte20x10
524 1.0249955654144287
325 0.9780018329620361
Brandimarte20x15
239 1.3090054988861084
Hurink_edata10x5
778 0.11699938774108887
775 0.12100362777709961
648 0.13499689102172852
673 0.12400126457214355
530 0.1080014705657959
Hurink_edata10x10
1143 0.27699828147888184
794 0.24399852752685547
949 0.2539961338043213
1065 0.26599836349487305
1172 0.27100229263305664
1274 0.48200082778930664
Hurink_edata15x5
908 0.24000048637390137
961 0.24199914932250977
1005 0.2460005283355713
929 0.2629997730255127
968 0.2610654830932617
Hurink_edata15x10
1098 0.47896504402160645
1129 0.4289233684539795
1089 0.4179978370666504
1097 0.4270756244659424
Hurink_edata15x15
1444 0.9910051822662354
1623 1.1979196071624756
1414 1.0420079231262207
1366 0.9989924430847168
1420 1.0450012683868408
Hurink_edata20x5
1252 0.5279357433319092
1013 0.4499993324279785
1127 0.4370687007904053
1163 0.47293543815612793
1366 0.5719931125640869
Hurink_edata20x10
1276 0.6180737018585205
1455 0.6599228382110596
1460 0.705996036529541
1305 0.7700765132904053
1425 0.8029248714447021
Hurink_edata30x10
1741 1.6969990730285645
1886 1.4389991760253906
1723 1.3989989757537842
1833 1.4350721836090088
1989 1.5889310836791992
Hurink_rdata10x5
638 0.15200018882751465
611 0.16001152992248535
504 0.15698838233947754
578 0.1520099639892578
506 0.1700725555419922
Hurink_rdata10x10
907 0.24699854850769043
794 0.2090001106262207
751 0.24900031089782715
824 0.22700166702270508
1006 0.24799799919128418
Hurink_rdata15x5
816 0.38499999046325684
867 0.3620007038116455
895 0.3620131015777588
845 0.38098883628845215
856 0.3569977283477783
Hurink_rdata15x10
1000 0.3860013484954834
993 0.41207098960876465
976 0.39792752265930176
969 0.3789982795715332
964 0.3800795078277588
Hurink_rdata15x15
1240 0.774064302444458
1264 0.8049278259277344
1164 0.8220357894897461
1341 0.8169331550598145
1164 0.7650017738342285
Hurink_rdata20x5
1117 0.7649998664855957
955 0.6359994411468506
1114 0.6879980564117432
1190 0.7000019550323486
1233 0.6839191913604736
Hurink_rdata20x10
1167 0.5819242000579834
1247 0.6449999809265137
1211 0.6309988498687744
1147 0.6560723781585693
1193 0.6591594219207764
Hurink_rdata30x10
1578 1.4049417972564697
1807 1.5279972553253174
1547 1.5149970054626465
1622 1.5930707454681396
1725 1.5709304809570312
Hurink_vdata10x5
618 0.19199919700622559
576 0.23900794982910156
527 0.16200017929077148
579 0.15800046920776367
486 0.16299152374267578
Hurink_vdata10x10
817 0.22300100326538086
684 0.2119917869567871
677 0.20000863075256348
662 0.1980743408203125
772 0.22305059432983398
Hurink_vdata15x5
772 0.4599342346191406
791 0.45699191093444824
897 0.5570087432861328
891 0.4569993019104004
829 0.4730658531188965
Hurink_vdata15x10
867 0.5519609451293945
783 0.48599863052368164
863 0.49207425117492676
853 0.5579342842102051
832 0.4890000820159912
Hurink_vdata15x15
997 0.5579924583435059
1068 0.5829987525939941
968 0.5689995288848877
955 0.534076452255249
974 0.5769236087799072
Hurink_vdata20x5
1114 0.8650085926055908
984 0.7989282608032227
1065 0.8329951763153076
1170 0.8609976768493652
1155 0.90407395362854
Hurink_vdata20x10
1123 1.123934268951416
1141 1.2089993953704834
1098 1.109065294265747
1042 1.1469905376434326
1103 1.1760103702545166
Hurink_vdata30x10
1582 3.3420653343200684
1747 3.3339991569519043
1543 3.219933032989502
1558 3.3180649280548096
1604 3.365072011947632
