Brandimarte10x6
52 0.2539966106414795
36 0.6959991455078125
Brandimarte10x10
100 1.8769986629486084
Brandimarte15x4
225 0.9989988803863525
Brandimarte15x8
146 1.1839969158172607
330 7.437002897262573
Brandimarte20x5
217 3.3199994564056396
Brandimarte20x10
587 1.9210045337677002
454 6.145002841949463
Brandimarte20x15
302 4.878988981246948
Hurink_edata10x5
778 0.13299775123596191
775 0.12200188636779785
632 0.12000083923339844
673 0.11899685859680176
590 0.11999964714050293
Hurink_edata10x10
1143 0.28298091888427734
789 0.24001073837280273
949 0.24998807907104492
1065 0.2650017738342285
1172 0.30100083351135254
1274 0.4289975166320801
Hurink_edata15x5
908 0.2279973030090332
961 0.23900151252746582
1005 0.23807692527770996
929 0.24492502212524414
968 0.24600553512573242
Hurink_edata15x10
1098 0.4710569381713867
1129 0.3630068302154541
1089 0.4010000228881836
1097 0.4100039005279541
Hurink_edata15x15
1449 1.0159900188446045
1606 1.1370761394500732
1414 1.0049898624420166
1366 0.9759325981140137
1384 0.9829926490783691
Hurink_edata20x5
1252 0.46700263023376465
1013 0.42799925804138184
1127 0.4060065746307373
1163 0.3899993896484375
1366 0.4940009117126465
Hurink_edata20x10
1276 0.5880000591278076
1455 0.6380774974822998
1460 0.7000231742858887
1305 0.6659989356994629
1425 0.7359898090362549
Hurink_edata30x10
1741 1.3389995098114014
1886 1.187077522277832
1723 1.2149169445037842
1833 1.228999376296997
1989 1.3490784168243408
Hurink_rdata10x5
638 0.1389329433441162
611 0.14700102806091309
504 0.13499879837036133
578 0.1650090217590332
506 0.14599108695983887
Hurink_rdata10x10
818 0.26799654960632324
793 0.19999957084655762
789 0.19000005722045898
850 0.2199997901916504
1055 0.2610001564025879
Hurink_rdata15x5
816 0.3739969730377197
867 0.3540008068084717
895 0.3790769577026367
845 0.32293057441711426
856 0.35299181938171387
Hurink_rdata15x10
1000 0.36299633979797363
949 0.3620026111602783
1046 0.4049992561340332
1077 0.35699963569641113
964 0.36007213592529297
Hurink_rdata15x15
1251 0.7999260425567627
1282 0.8160076141357422
1148 0.752000093460083
1320 0.7999911308288574
1184 0.7459993362426758
Hurink_rdata20x5
1117 0.7269973754882812
955 0.627000093460083
1114 0.6700003147125244
1190 0.6900019645690918
1233 0.678997278213501
Hurink_rdata20x10
1167 0.5789971351623535
1252 0.6420083045959473
1211 0.6269915103912354
1084 0.5819964408874512
1207 0.6499993801116943
Hurink_rdata30x10
1578 1.3900079727172852
1807 1.521991491317749
1547 1.474999189376831
1622 1.5479958057403564
1717 1.5170001983642578
Hurink_vdata10x5
618 0.22699904441833496
576 0.18399858474731445
527 0.1690082550048828
579 0.16100025177001953
486 0.1609959602355957
Hurink_vdata10x10
789 0.19899940490722656
683 0.19300007820129395
675 0.18199968338012695
701 0.19100189208984375
787 0.24400568008422852
Hurink_vdata15x5
772 0.39999938011169434
791 0.43900036811828613
897 0.44399237632751465
891 0.4639914035797119
829 0.45200347900390625
Hurink_vdata15x10
867 0.49500131607055664
785 0.48099803924560547
863 0.4950878620147705
853 0.554997444152832
832 0.49099063873291016
Hurink_vdata15x15
990 0.5360715389251709
1040 0.5439562797546387
991 0.517073392868042
960 0.5099859237670898
971 0.5060739517211914
Hurink_vdata20x5
1114 0.8459596633911133
984 0.7819986343383789
1065 0.8140084743499756
1170 0.7970004081726074
1155 0.8600001335144043
Hurink_vdata20x10
1123 1.1449909210205078
1141 1.1640009880065918
1098 1.061999797821045
1042 1.1190054416656494
1103 1.1509993076324463
Hurink_vdata30x10
1582 3.2420003414154053
1747 3.138005256652832
1543 3.097069263458252
1558 3.1900014877319336
1604 3.265997886657715
Brandimarte10x6
52 0.25499725341796875
36 0.6239993572235107
Brandimarte10x10
100 1.8830020427703857
Brandimarte15x4
225 0.9519989490509033
Brandimarte15x8
146 1.1859967708587646
330 7.406002759933472
Brandimarte20x5
217 3.348996877670288
Brandimarte20x10
587 1.9189972877502441
454 6.153997421264648
Brandimarte20x15
302 4.870012283325195
Hurink_edata10x5
778 0.11999130249023438
775 0.11601018905639648
632 0.12299203872680664
673 0.11899828910827637
590 0.11799836158752441
Hurink_edata10x10
1143 0.280001163482666
789 0.2369990348815918
949 0.2490077018737793
1065 0.2639908790588379
1172 0.30099964141845703
1274 0.4399998188018799
Hurink_edata15x5
908 0.24199700355529785
961 0.24100184440612793
1005 0.24499893188476562
929 0.252000093460083
968 0.2550013065338135
Hurink_edata15x10
1098 0.47699761390686035
1129 0.3699991703033447
1089 0.41100192070007324
1097 0.42100048065185547
Hurink_edata15x15
1449 1.0419986248016357
1606 1.142000675201416
1414 1.020998477935791
1366 0.9969947338104248
1384 1.0040013790130615
Hurink_edata20x5
1252 0.4609971046447754
1013 0.4279975891113281
1127 0.41300272941589355
1163 0.4060087203979492
1366 0.5029916763305664
Hurink_edata20x10
1276 0.5949962139129639
1455 0.6449978351593018
1460 0.7119989395141602
1305 0.6630022525787354
1425 0.7329983711242676
Hurink_edata30x10
1741 1.3109982013702393
1886 1.2539963722229004
1723 1.2069988250732422
1833 1.2360115051269531
1989 1.3539893627166748
Hurink_rdata10x5
638 0.14400124549865723
611 0.15100550651550293
504 0.1369924545288086
578 0.14899945259094238
506 0.1510002613067627
Hurink_rdata10x10
818 0.25899553298950195
793 0.20800518989562988
789 0.18899846076965332
850 0.22099852561950684
1055 0.26599788665771484
Hurink_rdata15x5
816 0.37399911880493164
867 0.3509998321533203
895 0.3840012550354004
845 0.3339974880218506
856 0.3900027275085449
Hurink_rdata15x10
1000 0.3599979877471924
949 0.3729970455169678
1046 0.40400171279907227
1077 0.35599803924560547
964 0.35599660873413086
Hurink_rdata15x15
1251 0.801997184753418
1282 0.821998119354248
1148 0.7509963512420654
1320 0.802001953125
1184 0.7509980201721191
Hurink_rdata20x5
1117 0.7349998950958252
955 0.6319997310638428
1114 0.6809971332550049
1190 0.6959998607635498
1233 0.6780083179473877
Hurink_rdata20x10
1167 0.5799927711486816
1252 0.6529967784881592
1211 0.639998197555542
1084 0.5869979858398438
1207 0.6549985408782959
Hurink_rdata30x10
1578 1.3950037956237793
1807 1.5259923934936523
1547 1.4829962253570557
1622 1.5609967708587646
1717 1.5270001888275146
Hurink_vdata10x5
618 0.2290058135986328
576 0.19699430465698242
527 0.16900038719177246
579 0.15999913215637207
486 0.16900086402893066
Hurink_vdata10x10
789 0.1979987621307373
683 0.18799734115600586
675 0.1849992275238037
701 0.20000910758972168
787 0.2480006217956543
Hurink_vdata15x5
772 0.4059906005859375
791 0.44299960136413574
897 0.44800257682800293
891 0.46399688720703125
829 0.45800042152404785
Hurink_vdata15x10
867 0.5059998035430908
785 0.4869990348815918
863 0.4960048198699951
853 0.5599935054779053
832 0.49900078773498535
Hurink_vdata15x15
990 0.5409975051879883
1040 0.5489993095397949
991 0.518000602722168
960 0.5209968090057373
971 0.5179994106292725
Hurink_vdata20x5
1114 0.8580014705657959
984 0.7939972877502441
1065 0.8289999961853027
1170 0.812000036239624
1155 0.876000165939331
Hurink_vdata20x10
1123 1.1730740070343018
1141 1.1909234523773193
1098 1.0779962539672852
1042 1.1389989852905273
1103 1.1869995594024658
Hurink_vdata30x10
1582 3.3049979209899902
1747 3.2019991874694824
1543 3.15700101852417
1558 3.2589995861053467
1604 3.3299901485443115
