Brandimarte10x6
51 0.33299899101257324
34 0.5839993953704834
Brandimarte10x10
101 1.9039981365203857
Brandimarte15x4
225 0.9030029773712158
Brandimarte15x8
146 1.3019993305206299
330 7.611000061035156
Brandimarte20x5
217 4.009995937347412
Brandimarte20x10
587 1.9819951057434082
460 6.663003206253052
Brandimarte20x15
299 4.762997388839722
Hurink_edata10x5
756 0.10999679565429688
767 0.13000226020812988
657 0.1699972152709961
719 0.11600065231323242
568 0.10700058937072754
Hurink_edata10x10
1024 0.2879958152770996
781 0.23100042343139648
916 0.2570035457611084
950 0.2369987964630127
976 0.23300838470458984
1209 0.45598840713500977
Hurink_edata15x5
968 0.2789304256439209
906 0.22300386428833008
1035 0.23999810218811035
937 0.2349989414215088
968 0.23806333541870117
Hurink_edata15x10
1068 0.39600181579589844
1125 0.37493300437927246
1120 0.4160575866699219
1127 0.4209294319152832
Hurink_edata15x15
1329 0.9599311351776123
1597 1.0949952602386475
1324 0.9950082302093506
1446 0.9800009727478027
1379 0.9020628929138184
Hurink_edata20x5
1212 0.42200565338134766
1059 0.4139387607574463
1236 0.43599438667297363
1167 0.3899965286254883
1285 0.42900943756103516
Hurink_edata20x10
1360 0.6479926109313965
1440 0.6680049896240234
1425 0.6680035591125488
1389 0.715996503829956
1481 0.7270009517669678
Hurink_edata30x10
1848 1.3169310092926025
1920 1.195000171661377
1767 1.2349905967712402
1890 1.3710095882415771
1995 1.412994623184204
Hurink_rdata10x5
601 0.14600539207458496
601 0.12899184226989746
532 0.14099931716918945
547 0.1340792179107666
520 0.13492131233215332
Hurink_rdata10x10
892 0.22999954223632812
736 0.19899964332580566
754 0.19207334518432617
952 0.23993515968322754
942 0.22606396675109863
Hurink_rdata15x5
796 0.368938684463501
830 0.311995267868042
926 0.34507036209106445
855 0.3359951972961426
879 0.3350067138671875
Hurink_rdata15x10
989 0.39792537689208984
885 0.3420083522796631
1026 0.3979916572570801
931 0.3440721035003662
974 0.3629336357116699
Hurink_rdata15x15
1200 0.8319985866546631
1306 0.7930660247802734
1142 0.7289495468139648
1217 0.7760088443756104
1190 0.7989919185638428
Hurink_rdata20x5
1086 0.631007194519043
949 0.5650603771209717
1060 0.6790003776550293
1117 0.6659278869628906
1157 0.6100728511810303
Hurink_rdata20x10
1203 0.6779229640960693
1213 0.5959310531616211
1227 0.7000086307525635
1096 0.6300671100616455
1241 0.6269943714141846
Hurink_rdata30x10
1644 1.4549334049224854
1716 1.4610047340393066
1594 1.5140650272369385
1605 1.50999116897583
1686 1.4449989795684814
Hurink_vdata10x5
627 0.17099618911743164
571 0.18500256538391113
535 0.15999746322631836
548 0.1520082950592041
475 0.1580665111541748
Hurink_vdata10x10
767 0.19705843925476074
682 0.18593215942382812
671 0.18400001525878906
680 0.19406509399414062
762 0.24492716789245605
Hurink_vdata15x5
780 0.42299652099609375
815 0.40306973457336426
874 0.3969302177429199
812 0.41907548904418945
823 0.4559977054595947
Hurink_vdata15x10
832 0.49196815490722656
783 0.4660642147064209
855 0.48900771141052246
806 0.5339260101318359
776 0.52400803565979
Hurink_vdata15x15
966 0.5180015563964844
1020 0.5349957942962646
978 0.5089907646179199
978 0.5209953784942627
956 0.4780735969543457
Hurink_vdata20x5
1102 0.8899359703063965
950 0.7680008411407471
1049 0.8609919548034668
1086 0.7520751953125
1100 0.8459277153015137
Hurink_vdata20x10
1069 1.1930713653564453
1116 1.171935796737671
1085 1.0999999046325684
1043 1.0980663299560547
1094 1.1599326133728027
Hurink_vdata30x10
1530 3.29287052154541
1675 3.4837279319763184
1516 3.395101308822632
1558 3.3481125831604004
1561 3.5190813541412354
