abz10x10
1376.0
1051.0
abz20x15
900.0
952.0
947.0
ft6x6
55.0
ft10x10
1130.0
ft20x5
1413.0
la10x5
666.0
715.0
646.0
621.0
593.0
la10x10
1046.0
864.0
957.0
963.0
1001.0
la15x5
926.0
946.0
870.0
951.0
958.0
la15x10
1298.0
1177.0
1247.0
1151.0
1146.0
la15x15
1612.0
1819.0
1596.0
1670.0
1566.0
la20x5
1222.0
1039.0
1150.0
1292.0
1346.0
la20x10
1548.0
1629.0
1583.0
1563.0
1666.0
la30x10
2108.0
2280.0
2098.0
2097.0
2286.0
orb10x10
1305.0
1042.0
1287.0
1169.0
1079.0
1264.0
459.0
1112.0
1070.0
1138.0
swv20x15
2556.0
2428.0
2691.0
2544.0
2620.0
swv20x10
2043.0
2132.0
2037.0
2128.0
2077.0
swv50x10
4928.0
5016.0
5171.0
4872.0
4991.0
3322.0
3264.0
3224.0
3487.0
3172.0
yn20x20
1289.0
1302.0
1309.0
1403.0
dmu20x15
3876.0
4017.0
4014.0
3966.0
3989.0
5060.0
5450.0
5373.0
5397.0
5100.0
dmu20x20
4692.0
4688.0
4822.0
4307.0
4523.0
6496.0
6355.0
6116.0
6050.0
6084.0
dmu30x15
5256.0
5387.0
5427.0
5035.0
5032.0
7402.0
7139.0
7727.0
7452.0
7197.0
dmu30x20
6221.0
6128.0
6247.0
5978.0
6121.0
8802.0
8478.0
8609.0
8415.0
8284.0
dmu40x15
6723.0
6814.0
6720.0
6774.0
5937.0
9563.0
9358.0
9500.0
9666.0
9139.0
dmu40x20
7574.0
7885.0
7706.0
7750.0
7762.0
10917.0
10629.0
10993.0
10740.0
11064.0
dmu50x15
8291.0
7651.0
7949.0
7848.0
8011.0
11461.0
12230.0
11348.0
11608.0
11706.0
dmu50x20
9133.0
9137.0
9291.0
9114.0
9136.0
12793.0
13181.0
13324.0
13365.0
13009.0
tai15x15
1658.0
1653.0
1647.0
1603.0
1688.0
1579.0
1619.0
1649.0
1699.0
1634.0
tai20x15
1951.0
1988.0
1931.0
1821.0
1925.0
1982.0
2069.0
2007.0
1941.0
1984.0
tai20x20
2379.0
2426.0
2318.0
2368.0
2317.0
2431.0
2536.0
2444.0
2452.0
2408.0
tai30x15
2620.0
2743.0
2772.0
2729.0
2804.0
2755.0
2697.0
2572.0
2679.0
2581.0
tai30x20
3334.0
3203.0
3098.0
3166.0
3244.0
3232.0
3101.0
3119.0
3152.0
3195.0
tai50x15
4133.0
4018.0
3934.0
3962.0
4088.0
4101.0
4132.0
4191.0
3895.0
3991.0
tai50x20
4624.0
4718.0
4294.0
4345.0
4526.0
4578.0
4637.0
4516.0
4579.0
4769.0
tai100x20
8203.0
7666.0
8110.0
8003.0
8132.0
7973.0
8163.0
8029.0
7986.0
7762.0

abz10x10
abz10x10
