abz10x10
1384.0
1058.0
abz20x15
979.0
975.0
983.0
ft6x6
55.0
ft10x10
1107.0
ft20x5
1400.0
la10x5
669.0
680.0
635.0
611.0
593.0
la10x10
1025.0
868.0
952.0
983.0
1002.0
la15x5
926.0
940.0
880.0
951.0
958.0
la15x10
1335.0
1200.0
1272.0
1219.0
1189.0
la15x15
1658.0
1858.0
1609.0
1626.0
1661.0
la20x5
1222.0
1039.0
1150.0
1292.0
1343.0
la20x10
1631.0
1637.0
1626.0
1617.0
1721.0
la30x10
2253.0
2378.0
2065.0
2177.0
2361.0
orb10x10
1290.0
1005.0
1296.0
1137.0
1071.0
1262.0
462.0
1108.0
1074.0
1130.0
swv20x15
2703.0
2433.0
2862.0
2709.0
2733.0
swv20x10
2140.0
2155.0
2069.0
2183.0
2171.0
swv50x10
5053.0
5189.0
5210.0
5112.0
5127.0
3481.0
3380.0
3405.0
3633.0
3282.0
yn20x20
1339.0
1401.0
1368.0
1466.0
dmu20x15
3929.0
4082.0
4112.0
3930.0
4081.0
5154.0
5404.0
5404.0
5632.0
5399.0
dmu20x20
5065.0
4691.0
4814.0
4673.0
4611.0
6465.0
6601.0
6215.0
6213.0
6347.0
dmu30x15
5465.0
5797.0
5776.0
5363.0
5336.0
7708.0
7597.0
7913.0
7635.0
7466.0
dmu30x20
6274.0
6525.0
6562.0
6201.0
6426.0
9199.0
8507.0
8839.0
8559.0
8705.0
dmu40x15
6989.0
7146.0
6859.0
7082.0
6109.0
9805.0
9723.0
9996.0
9801.0
9507.0
dmu40x20
7856.0
8181.0
7838.0
7989.0
7898.0
11206.0
11365.0
11330.0
11226.0
11540.0
dmu50x15
8523.0
8041.0
8147.0
8264.0
8256.0
11905.0
12558.0
11922.0
11826.0
12188.0
dmu50x20
9345.0
9462.0
9561.0
9511.0
9630.0
13194.0
13193.0
13629.0
13757.0
13236.0
tai15x15
1691.0
1674.0
1630.0
1668.0
1700.0
1696.0
1617.0
1701.0
1680.0
1688.0
tai20x15
1943.0
2041.0
1984.0
1940.0
2044.0
2090.0
2078.0
2067.0
1946.0
2027.0
tai20x20
2427.0
2429.0
2403.0
2535.0
2398.0
2486.0
2643.0
2448.0
2493.0
2479.0
tai30x15
2712.0
2811.0
2759.0
2820.0
2838.0
2876.0
2877.0
2690.0
2771.0
2649.0
tai30x20
3343.0
3324.0
3173.0
3232.0
3294.0
3372.0
3194.0
3284.0
3245.0
3353.0
tai50x15
4292.0
4138.0
4028.0
4016.0
4085.0
4151.0
4341.0
4367.0
4171.0
4165.0
tai50x20
4860.0
4918.0
4600.0
4495.0
4731.0
4769.0
4808.0
4744.0
4860.0
4878.0
tai100x20
8493.0
8025.0
8454.0
8175.0
8362.0
8148.0
8358.0
8259.0
8179.0
7962.0

abz10x10
