abz10x10
1566 0.665269136428833
1192 0.5887587070465088
abz20x15
820 5.372140884399414
886 5.502322196960449
897 5.29642128944397
ft6x6
59 0.15717220306396484
ft10x10
1168 0.6554861068725586
ft20x5
1394 1.2208173274993896
la10x5
774 0.3003199100494385
850 0.2884848117828369
762 0.28394031524658203
794 0.27080392837524414
648 0.35867857933044434
la10x10
1121 0.5729429721832275
982 0.6090407371520996
1044 0.5892355442047119
983 0.6177148818969727
1149 0.5668642520904541
la15x5
1200 0.6326584815979004
1097 0.5535380840301514
934 0.6139554977416992
1089 0.658367395401001
1045 0.5769331455230713
la15x10
1248 1.6971073150634766
1297 1.5206599235534668
1337 1.6304452419281006
1255 1.5306501388549805
1407 1.6876649856567383
la15x15
1799 2.7032973766326904
1650 2.5347635746002197
1434 2.5429799556732178
1537 2.4546701908111572
1524 2.4775888919830322
la20x5
1294 1.204625129699707
1154 1.117344856262207
1258 1.1694040298461914
1439 1.1808686256408691
1370 1.1528878211975098
la20x10
1524 3.3615729808807373
1676 3.3604445457458496
1706 3.3793163299560547
1607 3.2319912910461426
1904 3.3285317420959473
la30x10
2118 8.186194658279419
2320 8.592895269393921
1939 8.540658712387085
2072 8.457077503204346
2242 9.35313892364502
la30x10
2084 8.469845294952393
2001 8.843297719955444
2004 8.443321704864502
2059 8.14393162727356
2393 8.069149255752563
orb10x10
1266 0.7401854991912842
1028 0.554828405380249
1340 0.6616275310516357
1260 0.5730941295623779
1148 0.7821929454803467
1405 0.6850781440734863

1232 0.6807467937469482
1141 0.5618343353271484
1215 0.5967013835906982
swv20x10
1971 3.7488605976104736
2122 3.499436378479004
1806 3.2964603900909424
1906 3.368126153945923
1948 3.381779193878174
swv20x15
2616 6.410091161727905
2119 6.09456467628479
2314 5.825547456741333
2460 5.5986645221710205
2295 5.874433517456055
swv50x10
4303 36.951746463775635
4325 46.022573709487915
4308 39.99183249473572
4094 41.366374254226685
3899 37.450408697128296
3321 37.060351610183716
3182 36.10859417915344
3076 37.57331562042236
3132 37.683820486068726
2941 38.36986541748047
yn20x20
1079 8.519493341445923
1215 8.536247253417969
1089 8.318159103393555
1144 8.521934747695923
orb10x10
1351 0.5665333271026611
1198 0.5627732276916504
1367 0.6630046367645264
1297 0.44855237007141113
1015 0.5371434688568115
1380 0.5611419677734375
file10x10
file10x10
file10x10
file10x10
orb10x10
orb10x10
1365 38.70465397834778
1088 1.2209219932556152
1211 1.3724210262298584
1292 1.2247793674468994
1106 1.028923511505127
1293 1.186539888381958
orb10x10
1422 22.411718606948853
1243 1.083632469177246
1336 1.4151029586791992
1321 1.245471715927124
1193 1.132540225982666
1390 1.1379671096801758
abz10x10
1653 0.6091353893280029
