abz10x10
1604.0
1306.0
abz20x15
1166.0
1170.0
1220.0
ft6x6
66.0
ft10x10
1362.0
ft20x5
1625.0
la10x5
842.0
913.0
749.0
752.0
671.0
la10x10
1344.0
1161.0
1189.0
1260.0
1221.0
la15x5
1155.0
1133.0
1111.0
1052.0
1064.0
la15x10
1615.0
1543.0
1479.0
1549.0
1538.0
la15x15
2059.0
2210.0
1999.0
1973.0
2060.0
la20x5
1415.0
1283.0
1413.0
1372.0
1512.0
la20x10
1939.0
1956.0
1878.0
1907.0
1971.0
la30x10
2614.0
2786.0
2537.0
2591.0
2861.0
orb10x10
1589.0
1348.0
1555.0
1412.0
1342.0
1575.0
589.0
1495.0
1380.0
1414.0
swv20x15
3120.0
3062.0
3406.0
3247.0
3199.0
swv20x10
2611.0
2495.0
2542.0
2676.0
2568.0
swv50x10
5768.0
5823.0
5968.0
5791.0
5844.0
3790.0
3920.0
3724.0
4071.0
3885.0
yn20x20
1598.0
1628.0
1576.0
1734.0
dmu20x15
4585.0
4589.0
4596.0
4715.0
4834.0
5923.0
6308.0
6186.0
6581.0
6142.0
dmu20x20
5833.0
5761.0
5863.0
5430.0
5230.0
7950.0
7162.0
7347.0
7405.0
7010.0
dmu30x15
6073.0
6455.0
6289.0
5875.0
6029.0
8446.0
8197.0
9030.0
8814.0
8580.0
dmu30x20
7228.0
7363.0
7508.0
7235.0
7344.0
10265.0
9592.0
10075.0
10086.0
9514.0
dmu40x15
7640.0
7886.0
7926.0
8039.0
7069.0
11025.0
10921.0
11042.0
11207.0
10510.0
dmu40x20
8745.0
9095.0
8729.0
8935.0
9095.0
12277.0
12252.0
12672.0
11898.0
12792.0
dmu50x15
9777.0
8750.0
8956.0
9056.0
9135.0
13310.0
13936.0
13541.0
13074.0
12962.0
dmu50x20
10648.0
10641.0
10758.0
10675.0
10835.0
14657.0
14689.0
14342.0
14628.0
14195.0
tai15x15
1980.0
2011.0
2039.0
1987.0
1982.0
1907.0
2014.0
2019.0
2078.0
1941.0
tai20x15
2411.0
2389.0
2334.0
2225.0
2364.0
2387.0
2404.0
2418.0
2294.0
2317.0
tai20x20
2770.0
2909.0
2756.0
2741.0
2860.0
2942.0
3008.0
2844.0
2908.0
2937.0
tai30x15
3284.0
3244.0
3279.0
3144.0
3294.0
3064.0
3197.0
3058.0
3155.0
2913.0
tai30x20
3935.0
3729.0
3705.0
3819.0
3778.0
3829.0
3562.0
3628.0
3693.0
3704.0
tai50x15
4768.0
4583.0
4546.0
4621.0
4649.0
4674.0
4808.0
4806.0
4528.0
4525.0
tai50x20
5064.0
5510.0
5167.0
4885.0
5093.0
5287.0
5331.0
5222.0
5460.0
5324.0
tai100x20
9101
8398
9031
8550
8930
8703
9069
8484
8319
8626

abz10x10
abz10x10
