abz10x10
1234.0 4.998255252838135
942.9999999055997 1.1312546730041504
abz20x15
680.999999931761 3600.759667158127
706.9999999291999 3601.100819826126
720.9999999277844 3602.306603193283
ft6x6
54.99999999999985 2.266509771347046
ft10x10
930.0 257.21369791030884
ft20x5
1198.9999974799998 3601.619729280472
la10x5
665.9999999332997 7.79575252532959
654.9999999999998 5.542240858078003
597.0 5.316197633743286
589.9999999999998 4.012896537780762
593.0 21.90391445159912
la10x10
944.9999999999998 7.746742248535156
783.9999999214999 7.231622695922852
847.9999999999992 3.294738292694092
841.9999999156994 9.796201229095459
901.9999999999999 3.113696813583374
la15x5
926.0 106.8529691696167
890.0 77.6064121723175
862.9999990097514 63.369218587875366
950.9999999047964 101.05467319488525
957.9999978143194 3602.092008113861
la15x10
1057.9999998940998 3600.528783082962
926.9999999071988 3601.3894035816193
1031.9999999999984 27.678213119506836
937.9999999060951 3601.0468950271606
977.0 319.43566370010376
la15x15
1267.9999999999998 100.98165583610535
1396.9999997202333 3601.1429879665375
1204.9999998793999 3601.1939327716827
1233.0 3333.067797422409
1239.9999998758997 3601.2679555416107

la20x5
1221.9999993434762 3600.4693987369537
1038.9999997919979 3600.597211122513
1149.9999996546399 3600.7125282287598
1291.9998997413961 3600.586795091629
1206.9999998791914 3600.533665895462
la20x10
1222.9999998775993 3600.5782306194305
1268.999999872984 3601.246943473816
1238.9999998759681 3601.018959760666
1207.9999998790706 3601.035895347595
1354.9999996958707 3601.3429791927338
la30x10
1783.9999994382251 3601.261942625046
1849.9999998148623 3601.334059715271
1718.9999998279873 3600.8750059604645
1720.9999998277985 3600.9080679416656
1887.9999998110823 3600.701258420944
swv20x10
1580.9999790169359 3600.5302410125732
1537.9999999999534 3600.551259279251
1513.999999848497 3600.5346949100494
1672.9999984933947 3600.47825551033
1587.9999996821768 3600.6945383548737
swv20x15
1938.9999998058863 3600.7666940689087
1855.9999999999166 3600.8047177791595
1942.9999998052651 3600.62002158165
1852.9999998145895 3600.745819091797
1875.999999812299 3600.7197213172913
swv50x10
4122.999999999463 3601.95267534256
4211.999999999906 3601.7932708263397
4063.999999999729 3601.9293756484985
3842.9999999996926 3601.829413175583
4241.999999999806 3602.636570215225
2923.99999970748 3602.0461218357086
2793.999999720474 3602.3174834251404
2851.999999714664 3602.108834505081
2842.999999715581 3601.96444272995
2822.99999971763 3602.3921830654144
yn20x20
915.0 3600.886860847473
938.9999999059971 3600.657797574997
932.9999999065756 3600.7058234214783
1009.9999998988817 3600.707236289978
orb10x10
1059.0 115.14761352539062
887.9999999111004 2.73677659034729
1005.0 147.99271321296692
1004.9999999999998 4.16197657585144
886.9999999999987 3.7048466205596924
1010.0 51.15753936767578
397.0 3.8328588008880615
898.9999999999994 18.00415325164795
934.0 3.168731689453125
943.9999999999953 7.8227550983428955
SL6x6
54.99999999999985 0.1380295753479004
SL10x5
665.9999999332997 1.425337553024292
654.9999999999998 1.499335527420044
597.0 1.224271535873413
589.9999999999998 0.7891767024993896
593.0 5.641264915466309
SL10x10
944.9999999999998 2.4915573596954346
783.9999999214999 2.154482364654541
847.9999999999992 1.0562353134155273
841.9999999156994 3.4457712173461914
901.9999999999999 1.023228406906128
SL15x5
926.0 53.22021293640137
890.0 70.72080039978027
862.9999990097514 45.48019242286682
950.9999999047964 48.38984513282776
957.9999835681784 3600.256376504898
SL15x10
1051.9999998946973 3600.3952181339264
927.0 2361.5432348251343
1031.9999999999984 11.348536014556885
935.9999999062992 3600.395213842392
977.0 227.7240445613861
dmu20x15
2619.9999997378986 3600.530819416046
2786.9999997211976 3602.3057928085327
2842.999999715371 3600.530401468277
2838.9999997159985 3601.070492744446
2851.9999997146965 3600.5513939857483
3713.999998056317 3601.744871377945
3689.999999630888 3600.966354370117
3781.9999996215997 3600.8967654705048
3779.9999996216798 3600.874179840088
3658.9999996339993 3601.1975400447845
dmu20x20
3364.9999996633915 3601.0012221336365
3147.999999999978 3600.8817031383514
3238.9999996759543 3600.7937276363373
3209.999999678884 3600.9619965553284
3044.9999996953966 3600.854193687439
4570.999999542318 3602.102109193802
4461.99999955364 3600.7908778190613
4121.999999587155 3601.295875310898
4040.9999995957087 3601.603908061981
4130.999999586788 3601.0297763347626
dmu30x15
3789.9999996208862 3601.6356501579285
3837.999999616031 3601.166683912277
3939.999999605891 3601.254784822464
3653.9999999999977 3601.5654249191284
3564.9999996433603 3601.262969970703
5496.9999994496175 3601.3037090301514
5427.999999999813 3601.3598539829254
5244.999999999964 3601.4001400470734
5582.99999944159 3601.385872364044
5523.9999994466025 3601.4571681022644
dmu30x20
3985.9999996013003 3601.445819377899
4329.999999999921 3601.4284830093384
4175.999999582133 3601.5619785785675
4114.999999588396 3601.3342118263245
4003.999999999808 3601.70720911026
6297.999999999675 3601.425000190735
5972.999999999733 3601.404271364212
5803.9999999999745 3601.536120414734
5916.999999999835 3601.334444284439
6232.999999999996 3601.5688157081604
dmu40x15
4627.999999999783 3601.9008979797363
4944.9999999999645 3601.9948148727417
4814.999999518402 3601.8872520923615
4756.99999952401 3601.865143060684
4237.999999576086 3601.816824913025
7194.9999999999545 3601.9330537319183
7378.999999999971 3601.756462574005
6827.99999999996 3601.8594620227814
6701.999999329206 3601.763904571533
6511.999999348169 3601.9769957065582
dmu40x20
5205.999999479003 3602.3824167251587
5409.999999999727 3602.4392008781433
5144.99999999984 3602.5097641944885
5233.999999999424 3602.4707765579224
5261.999999999854 3602.3017766475677
8097.0 3602.5524904727936
7866.999999212743 3602.3423116207123
8227.999999999996 3602.427154302597
7887.0 3602.410816669464
7488.999999999099 3602.4322605133057
dmu50x15
6120.9999999993415 3602.579478263855
5926.999999407161 3602.7801597118378
5796.99999941928 3602.7284758090973
5726.999998854071 3602.7985849380493
5740.999999999996 3602.6213450431824
9473.999999999505 3602.8350558280945
9772.999999996868 3602.7134635448456
8735.99999999906 3602.8528327941895
9355.999999999181 3602.68084025383
9297.999999997928 3602.5431361198425
dmu50x20
6554.999999344398 3603.6955642700195
6699.9999999998645 3603.5678160190582
6845.999999999119 3603.570559501648
6353.999999999032 3603.7589480876923
6555.9999999999845 3603.6472556591034
10342.999999998945 3603.5650956630707
10844.999999999374 3603.7922117710114
10742.999999999993 3603.394580602646
11126.999999999758 3604.059779882431
10410.999999998814 3603.6748955249786
tai15x15
1231.0 1702.7865862846375
1243.999999875498 3600.6423881053925
1217.9999998780995 3600.3301751613617
1175.0 282.8737721443176
1230.9999998767998 3602.2986512184143
1251.999999874694 3600.417657136917
1227.0 1817.1912314891815
1217.0 576.0756647586823
1274.0 3252.348534345627
1241.0 3141.9470438957214
tai20x15
1408.9999998589988 3600.6431233882904
1406.9999998591982 3600.5814900398254
1374.9999998623996 3600.5258564949036
1357.99999986409 3600.5253098011017
1408.9999998589997 3600.5707471370697
1398.9999998599997 3600.474956035614
1511.9999998487 3601.246183156967
1457.9999998540795 3600.613981485367
1351.999999864699 3600.7084329128265
1386.9999998611975 3600.498974084854
tai20x20
1711.9999999999998 3601.808251619339
1693.9999998304995 3601.596440553665
1604.9999998393998 3600.68691945076
1692.9999998305998 3601.08509349823
1646.9999998351996 3600.695289373398
1711.999999828669 3600.8563725948334
1764.9999998233948 3600.8528718948364
1619.9999999999989 3600.710393667221
1661.9999998336966 3602.2204596996307
1623.9999998374387 3602.9839248657227
tai30x15
1998.9999997999626 3601.512928009033
1928.9999998069766 3601.1632857322693
1926.9999999999163 3601.1878616809845
1966.999999803159 3601.5670504570007
2098.9999997899995 3601.8199565410614
1945.9999998052594 3601.442476272583
1914.9999999999147 3601.9822640419006
1838.9999999998802 3601.2204110622406
1911.9999990434615 3601.0633702278137
1822.9999990879771 3601.456269264221
tai30x20
2279.9999999999995 3601.7918934822083
2177.9999997820896 3601.489235639572
2013.999999798478 3602.2846562862396
2219.999999777882 3601.5329382419586
2157.9999997839964 3601.6390244960785
2256.999999999953 3601.7755651474
2066.9999997931945 3601.6011023521423
2156.9999997841405 3601.790269136429
2116.9999997881587 3601.7667944431305
2164.999999783356 3602.4752407073975
tai50x15
3116.999999999927 3603.125780582428
3015.0000000000086 3603.042707681656
2866.999999139287 3603.028233766556
3033.9999996963147 3603.0055565834045
3040.999999999898 3603.0085496902466
3113.999999999885 3604.2536408901215
3223.0000000000045 3603.293576002121
3176.9999999998654 3606.65380191803
2964.999999999841 3603.74618434906
2937.999999706103 3603.4874289035797
tai50x20
3355.9999999996703 3604.702129125595
3710.9999999997194 61378.0165784359
3064.9999999997863 3604.3153800964355
3204.9999999999577 3603.798305273056
3152.9999999985216 3604.448651790619
3285.999999999709 3603.830826997757
3404.9999999999814 3604.356215953827
3741.9999999994866 3603.7982091903687
3480.9999996515567 3604.5093655586243
3473.9999999994807 3603.716166496277
tai100x20
7622.999999224986 3614.4891691207886
6770.9999999966685 3614.1870079040527
6746.999999996973 3615.81764292717
7512.999999999938 3614.0512914657593
7378.9999992588455 3615.458104133606
6910.999999996276 3613.9161717891693
6652.999999968498 3614.025947332382
6835.999999996093 3614.06654548645
7160.999999999941 3613.841635942459
6918.999999999997 3614.4639971256256abz10x10
1234.0 4.7853171825408936
1013.9999999999806 0.2910652160644531
abz20x15
inf 0.407604455947876
