abz10x10
1688 0.010005712509155273
1290 0.012518644332885742
abz20x15
988 0.04704141616821289
962 0.04254794120788574
992 0.03904891014099121
ft6x6
59 0.0019979476928710938
ft10x10
1375 0.008508443832397461
ft20x5
1511 0.010502099990844727
la10x5
812 0.0029993057250976562
830 0.006514072418212891
841 0.0040111541748046875
795 0.003999233245849609
729 0.00400090217590332
la10x10
1367 0.008005857467651367
1110 0.009527206420898438
1250 0.014081478118896484
1095 0.010436773300170898
1248 0.011522531509399414
la15x5
1007 0.010504007339477539
1079 0.007016420364379883
1185 0.00699162483215332
1372 0.007509946823120117
1178 0.008000373840332031
la15x10
1454 0.023038864135742188
1549 0.017517566680908203
1426 0.020516395568847656
1426 0.02251458168029785
1619 0.015510082244873047
la15x15
2118 0.03008127212524414
1861 0.02340865135192871
1614 0.02451920509338379
1839 0.0235135555267334
1757 0.022029399871826172
la20x5
1493 0.008510351181030273
1240 0.010001420974731445
1564 0.012520074844360352
1505 0.009503602981567383
1592 0.010018587112426758
la20x10
1935 0.0235140323638916
1817 0.021506547927856445
1626 0.02202916145324707
1829 0.023523330688476562
1816 0.021510601043701172
la30x10
2248 0.03902244567871094
2385 0.04754996299743652
2300 0.04754161834716797
2179 0.03811383247375488
2483 0.04072904586791992
orb10x10
1481 0.014040231704711914
1296 0.012003660202026367
1626 0.01300191879272461
1333 0.01199650764465332
1146 0.013009309768676758
1592 0.011996269226074219

1284 0.012009382247924805
1390 0.01200246810913086
1297 0.013002872467041016
swv20x10
2052 0.02306985855102539
2112 0.02213001251220703
2102 0.021075963973999023
2206 0.02105236053466797
2184 0.019526243209838867
swv20x15
2669 0.03416156768798828
2458 0.0361483097076416
2726 0.0345914363861084
2421 0.03263664245605469
2664 0.03314828872680664
swv50x10
4427 0.07060408592224121
4506 0.0683281421661377
4816 0.08116579055786133
4422 0.07759809494018555
4387 0.10967040061950684
3389 0.08863687515258789
3168 0.09339261054992676
3422 0.09215784072875977
3538 0.09812545776367188
3066 0.09963083267211914
yn20x20
1268 0.06612515449523926
1319 0.07002091407775879
1164 0.07472825050354004
1415 0.07464098930358887
abz10x10
1643 0.013000965118408203
1332 0.013003349304199219
abz20x15
961 0.05101370811462402
980 0.05101466178894043
974 0.051012277603149414
ft6x6
74 0.003999948501586914
ft10x10
1306 0.012006044387817383
ft20x5
1492 0.012005329132080078
la10x5
888 0.006001472473144531
897 0.005999088287353516
834 0.004987001419067383
871 0.005000591278076172
758 0.0050008296966552734
la10x10
1403 0.01200246810913086
986 0.012002944946289062
1157 0.012002944946289062
1025 0.012046098709106445
1435 0.011959552764892578
la15x5
1072 0.009001016616821289
1062 0.009002208709716797
1105 0.009001493453979492
1119 0.009001970291137695
1141 0.009002923965454102
la15x10
1577 0.021004199981689453
1559 0.0200040340423584
1509 0.020005226135253906
1356 0.021004676818847656
1468 0.020006895065307617
la15x15
1836 0.03400683403015137
1995 0.03500723838806152
1987 0.03500723838806152
1809 0.033008575439453125
1751 0.03500723838806152
la20x5
1385 0.01300358772277832
1157 0.013003110885620117
1472 0.013016462326049805
1343 0.013003110885620117
1526 0.013003110885620117
la20x10
1703 0.0310060977935791
1691 0.030006885528564453
1808 0.031007051467895508
1715 0.03200697898864746
1926 0.03000044822692871
la30x10
2218 0.05501675605773926
2289 0.054997920989990234
2230 0.05501222610473633
2217 0.05501246452331543
2505 0.056012868881225586
orb10x10
1497 0.012002229690551758
1286 0.011002063751220703
1463 0.013002395629882812
1425 0.012003183364868164
1192 0.011002302169799805
1313 0.012003421783447266
abz10x10
1606 0.013857841491699219
1239 0.014003753662109375
abz20x15
866 0.05002593994140625
894 0.049011945724487305
994 0.05102252960205078
ft6x6
80 0.003000974655151367
ft10x10
1404 0.012000322341918945
ft20x5
1650 0.013010501861572266
la10x5
869 0.0050013065338134766
818 0.0049436092376708984
756 0.006001472473144531
861 0.0050013065338134766
683 0.006000518798828125
la10x10
1348 0.01201629638671875
1103 0.012996196746826172
1107 0.012005329132080078
1288 0.012006521224975586
1278 0.012002944946289062
la15x5
936 0.007992982864379883
1169 0.009019851684570312
1053 0.008014202117919922
1195 0.009002208709716797
1167 0.00899505615234375
la15x10
1527 0.020016908645629883
1341 0.020017385482788086
1511 0.01999831199645996
1688 0.01901102066040039
1379 0.01999044418334961
la15x15
1892 0.033019065856933594
1917 0.03402209281921387
1577 0.03301501274108887
1853 0.03399181365966797
1851 0.034149885177612305
la20x5
1417 0.013015985488891602
1134 0.013003349304199219
1322 0.013003110885620117
1374 0.011996030807495117
1503 0.012009620666503906
la20x10
1750 0.030021190643310547
1668 0.031007051467895508
1610 0.031006813049316406
1606 0.030006885528564453
1902 0.030008792877197266
la30x10
2260 0.053014516830444336
2431 0.055022478103637695
2383 0.054998159408569336
2311 0.05402660369873047
