abz10x10
1466.0 0.1170191764831543
1134.0 0.10802316665649414
abz20x15
782.0 0.42009401321411133
939.0 0.37708377838134766
900.0 0.37708449363708496
ft6x6
76.0 0.03600788116455078
ft10x10
1327.0 0.10202264785766602
ft20x5
1553.0 0.11002469062805176
la10x5
742.0 0.05901360511779785
958.0 0.048011064529418945
892.0 0.04901003837585449
847.0 0.05201148986816406
856.0 0.06201481819152832
la10x10
1115.0 0.09402060508728027
968.0 0.10702300071716309
983.0 0.09402108192443848
965.0 0.10202288627624512
1205.0 0.10402393341064453
la15x5
992.0 0.07301521301269531
1042.0 0.08301949501037598
1009.0 0.07601737976074219
951.0 0.07301712036132812
958.0 0.0820169448852539
la15x10
1284.0 0.15203404426574707
1265.0 0.1580359935760498
1147.0 0.14403176307678223
1171.0 0.16103672981262207
1380.0 0.14803266525268555
la15x15
1636.0 0.2560572624206543
1737.0 0.2470557689666748
1565.0 0.2580583095550537
1539.0 0.2540566921234131
1529.0 0.2620584964752197
la20x5
1354.0 0.10002279281616211
1134.0 0.09902405738830566
1229.0 0.10102319717407227
1292.0 0.09902215003967285
1475.0 0.10602307319641113
la20x10
1602.0 0.21304702758789062
1598.0 0.22405052185058594
1473.0 0.21704912185668945
1529.0 0.2360527515411377
1651.0 0.22304987907409668
la30x10
1959.0 0.36808276176452637
2036.0 0.3790857791900635
1863.0 0.3740839958190918
1891.0 0.40009045600891113
2034.0 0.38208556175231934
orb10x10
1341.0 0.10202145576477051
1098.0 0.09902238845825195
1447.0 0.10802650451660156
1330.0 0.09702181816101074
1127.0 0.10302233695983887
1327.0 0.10102248191833496
496.0 0.10502362251281738
1266.0 0.09202075004577637
1245.0 0.10602498054504395
1291.0 0.09702062606811523
swv20x10
1930.0 0.22304987907409668
2182.0 0.23705339431762695
1964.0 0.21606183052062988
1965.0 0.21803545951843262
1972.0 0.22205018997192383
swv20x15
2307.0 0.39509153366088867
2336.0 0.3820838928222656
2373.0 0.39108705520629883
2407.0 0.38208627700805664
2388.0 0.3850865364074707
swv50x10
4633.0 0.8471889495849609
4768.0 0.8362219333648682
4851.0 0.8081457614898682
4645.0 0.8091816902160645
4804.0 0.8261847496032715
2954.0 0.8191843032836914
2959.0 0.8071815967559814
3078.0 0.8071808815002441
3159.0 0.8071815967559814
2864.0 0.795177698135376
yn20x20
1050.0 0.5541267395019531
1078.0 0.5561223030090332
1154.0 0.5611262321472168
1172.0 0.5751287937164307
dmu20x15
dmu20x15
dmu20x15
3359.0 0.3640611171722412
3804.0 0.3580808639526367
3608.0 0.36808204650878906
3587.0 0.3580808639526367
3705.0 0.3630809783935547
4168.0 0.34807801246643066
4685.0 0.36008119583129883
4537.0 0.35908007621765137
5040.0 0.352078914642334
4635.0 0.3670823574066162
dmu20x20
4323.0 0.5331196784973145
3949.0 0.5551276206970215
4175.0 0.5561215877532959
4107.0 0.5321195125579834
3875.0 0.5311188697814941
5162.0 0.557142972946167
5379.0 0.5671114921569824
5133.0 0.5661249160766602
4982.0 0.5521235466003418
5270.0 0.5691273212432861
dmu30x15
4388.0 0.7011725902557373
4769.0 0.7001419067382812
5256.0 0.7031581401824951
4530.0 0.7011568546295166
4389.0 0.6871540546417236
6232.0 0.6951553821563721
6595.0 0.6881542205810547
6251.0 0.6681649684906006
6524.0 0.6661341190338135
6200.0 0.691155195236206
dmu30x20
5186.0 1.027451992034912
5104.0 1.0652391910552979
5189.0 1.063152551651001
5216.0 1.0842421054840088
4936.0 1.0782408714294434
7280.0 1.0802452564239502
6702.0 1.0582342147827148
6785.0 1.1032943725585938
6495.0 1.1242077350616455
6771.0 1.06223726272583
dmu40x15
5686.0 1.088244915008545
5848.0 1.104248285293579
5893.0 1.0672388076782227
5780.0 1.0992157459259033
4941.0 1.092245101928711
8580.0 1.0822436809539795
8285.0 1.0712392330169678
7969.0 1.0802428722381592
7893.0 1.0472400188446045
7885.0 1.073517084121704
dmu40x20
6171.0 1.9679253101348877
6343.0 1.8619253635406494
6396.0 1.8164076805114746
6631.0 1.8004038333892822
5878.0 1.8944244384765625
8646.0 1.826411247253418
8829.0 1.898423433303833
8845.0 1.8424134254455566
8749.0 1.8654179573059082
9031.0 1.864417552947998
dmu50x15
6914.0 1.6383674144744873
6933.0 1.6163640022277832
6525.0 1.6463677883148193
6558.0 1.6643741130828857
6698.0 1.6593716144561768
9659.0 1.6383678913116455
10040.0 1.6873779296875
9803.0 1.7123842239379883
9650.0 1.6373679637908936
9722.0 1.6643729209899902
dmu50x20
7579.0 3.030679225921631
7447.0 2.9916718006134033
7710.0 2.9836690425872803
7472.0 2.9736671447753906
7534.0 3.05468487739563
10186.0 3.006674289703369
10328.0 2.980668544769287
10104.0 3.0356810092926025
10768.0 2.995194435119629
10267.0 3.0716896057128906
tai15x15
1594.0 0.40640974044799805
1550.0 0.39926934242248535
1641.0 0.40077781677246094
1661.0 0.4073760509490967
1643.0 0.3902778625488281
1553.0 0.3915081024169922
1529.0 0.33963584899902344
1586.0 0.3016054630279541
1648.0 0.2739846706390381
1703.0 0.2647209167480469
tai20x15
1854.0 0.3791365623474121
1766.0 0.379896879196167
1705.0 0.3813652992248535
1815.0 0.37199950218200684
1774.0 0.38819360733032227
1732.0 0.37666821479797363
1899.0 0.3820922374725342
1920.0 0.36791396141052246
1682.0 0.3828132152557373
1793.0 0.3744194507598877
tai20x20
2082.0 0.5902647972106934
2053.0 0.5678684711456299
1918.0 0.5735969543457031
2089.0 0.6006920337677002
2046.0 0.593095064163208
2214.0 0.5817604064941406
2075.0 0.5845017433166504
1966.0 0.5928654670715332
1977.0 0.5852560997009277
1970.0 0.6186830997467041
tai30x15
2277.0 0.7388532161712646
2352.0 0.6889078617095947
2533.0 0.7217323780059814
2397.0 0.7116596698760986
2381.0 0.7290420532226562
2294.0 0.719153642654419
2322.0 0.731562614440918
2118.0 0.7395827770233154
2343.0 0.6926963329315186
2286.0 0.7446298599243164
tai30x20
2642.0 1.1306543350219727
2582.0 1.1316595077514648
2551.0 1.1308848857879639
2769.0 1.1306614875793457
2621.0 1.1265361309051514
2592.0 1.1402645111083984
2505.0 1.1176307201385498
2554.0 1.1112711429595947
2447.0 1.1359920501708984
2555.0 1.135901927947998
tai50x15
3651.0 1.791055679321289
3418.0 1.8041198253631592
3076.0 1.7928006649017334
3340.0 1.7899694442749023
3415.0 1.7626144886016846
3478.0 1.8019275665283203
3556.0 1.8119029998779297
3478.0 1.8166446685791016
3442.0 1.8024773597717285
3221.0 1.8176498413085938
tai50x20
3661.0 3.3971335887908936
3685.0 3.3168134689331055
3360.0 3.2898924350738525
3237.0 3.3139877319335938
3401.0 3.3060944080352783
3818.0 3.278954267501831
3661.0 3.3966684341430664
3237.0 3.2846567630767822
3623.0 3.3096237182617188
3812.0 3.3156113624572754
tai100x20
6409.0 16.77113127708435
5802.0 16.941514253616333
6316.0 17.370351552963257
5941.0 17.368041038513184
6510.0 17.07427477836609
6140.0 16.96747660636902
6089.0 17.0211284160614
6207.0 17.162139415740967
5970.0 17.24039125442505
5968.0 17.0872061252594
abz10x10
abz10x10
abz10x10
abz10x10
abz10x10
abz10x10
abz10x10
abz10x10
abz10x10
abz10x10
abz10x10
abz10x10
abz10x10
abz10x10
1466.0 0.10602211952209473
1134.0 0.10202360153198242
abz20x15
abz10x10
1466.0 7.644333362579346
1134.0 1.7261073589324951
abz20x15
abz10x10
1466.0 35.9983446598053
1134.0 12.00997281074524
abz20x15
abz10x10
1466.0 2.451066255569458
1134.0 1.5157454013824463
abz20x15
abz10x10
1466.0 15.036895036697388
1134.0 3.7002758979797363
abz20x15
abz10x10
1466.0 2.846111536026001
1134.0 8.833399534225464
abz20x15
abz10x10
abz10x10
1466.0 0.10596132278442383
1134.0 0.0990457534790039
abz20x15
842.0 0.3900890350341797
854.0 0.3900883197784424
908.0 0.39908909797668457
ft6x6
63.0 0.04101157188415527
ft10x10
1327.0 0.10402441024780273
ft20x5
1553.0 0.11402511596679688
la10x5
761.0 0.06401371955871582
923.0 0.058012962341308594
714.0 0.05201220512390137
713.0 0.057079315185546875
593.0 0.0659480094909668
la10x10
1115.0 0.10302352905273438
968.0 0.10802412033081055
983.0 0.09602141380310059
965.0 0.09702205657958984
1205.0 0.10602378845214844
la15x5
992.0 0.07901883125305176
1042.0 0.09302258491516113
1009.0 0.07401514053344727
951.0 0.07201647758483887
958.0 0.08101868629455566
la15x10
1284.0 0.18304228782653809
1265.0 0.20404529571533203
1147.0 0.16907048225402832
1171.0 0.16403722763061523
1380.0 0.16403579711914062
la15x15
1636.0 0.2790639400482178
1737.0 0.2580604553222656
1565.0 0.2560548782348633
1539.0 0.2760629653930664
1529.0 0.2600588798522949
la20x5
1354.0 0.1090247631072998
1134.0 0.11102724075317383
1229.0 0.1090233325958252
1292.0 0.11102557182312012
1475.0 0.10502338409423828
la20x10
1602.0 0.24005436897277832
1598.0 0.24005436897277832
1473.0 0.2470545768737793
1529.0 0.2690596580505371
1651.0 0.22805166244506836
la30x10
1959.0 0.41309547424316406
2036.0 0.41309380531311035
1863.0 0.399090051651001
1891.0 0.4180917739868164
2034.0 0.40609216690063477
orb10x10
1341.0 0.11202549934387207
1098.0 0.11402583122253418
1447.0 0.1070241928100586
1330.0 0.11002588272094727
1127.0 0.11402511596679688
1327.0 0.11002516746520996
496.0 0.10402274131774902
1266.0 0.10202336311340332
1245.0 0.11002516746520996
1291.0 0.11602663993835449
swv20x10
1930.0 0.26206040382385254
2182.0 0.2470545768737793
1964.0 0.24005675315856934
1965.0 0.2400522232055664
1972.0 0.2560575008392334
swv20x15
2405.0 0.44410085678100586
abz10x10
1466.0 0.11002612113952637
1134.0 0.11202430725097656
abz20x15
821.0 0.38708949089050293
854.0 0.3760831356048584
908.0 0.3850874900817871
ft6x6
63.0 0.0380091667175293
ft10x10
1327.0 0.11103200912475586
ft20x5
1553.0 0.10702371597290039
la10x5
761.0 0.05298256874084473
923.0 0.05101203918457031
714.0 0.058013200759887695
713.0 0.05001211166381836
593.0 0.060012102127075195
la10x10
1115.0 0.10302400588989258
944.0 0.10302448272705078
983.0 0.09802055358886719
965.0 0.10702633857727051
1205.0 0.10501646995544434
la15x5
abz10x10
1466.0 0.1085655689239502
1134.0 0.09156441688537598
abz20x15
821.0 0.36123037338256836
854.0 0.36556220054626465
908.0 0.38671374320983887
ft6x6
63.0 0.03954744338989258
ft10x10
1327.0 0.10255980491638184
ft20x5
1553.0 0.11011457443237305
la10x5
761.0 0.05002856254577637
923.0 0.050562381744384766
714.0 0.05013585090637207
713.0 0.04856157302856445
593.0 0.0560150146484375
la10x10
1115.0 0.09957575798034668
944.0 0.09662246704101562
