abz10x10
1740.0 0.0
1439.0 0.0
abz20x15
1049.0 0.0
1141.0 0.0010051727294921875
1125.0 0.001013040542602539
ft6x6
64.0 0.0
ft10x10
1494.0 0.0
ft20x5
2026.0 0.0
la10x5
873.0 0.0
996.0 0.0
880.0 0.0
873.0 0.0
708.0 0.0
la10x10
1230.0 0.0
1033.0 0.0
1067.0 0.0
1315.0 0.0
1230.0 0.0
la15x5
973.0 0.00099945068359375
1224.0 0.0
1205.0 0.0
1089.0 0.0
997.0 0.0
la15x10
1679.0 0.0
1380.0 0.0
1680.0 0.0
1425.0 0.0
1480.0 0.0
la15x15
1961.0 0.0
2267.0 0.0
1785.0 0.0
1874.0 0.0009992122650146484
2064.0 0.0
la20x5
1429.0 0.0
1302.0 0.0
1285.0 0.0
1313.0 0.0
1665.0 0.0
la20x10
1794.0 0.0009999275207519531
1861.0 0.0
1751.0 0.0
1688.0 0.0
1846.0 0.0
la30x10
2315.0 0.0
2494.0 0.0
2162.0 0.0
2197.0 0.0
2770.0 0.0
orb10x10
1717.0 0.0
1466.0 0.0
1879.0 0.0
1489.0 0.0
2165.0 0.0
1682.0 0.0
667.0 0.0009999275207519531
1547.0 0.0
1460.0 0.0
1923.0 0.0
swv20x10
2644.0 0.0
2766.0 0.0
2575.0 0.0
2675.0 0.0
2972.0 0.0
swv20x15
2851.0 0.0
2975.0 0.0
3472.0 0.0010182857513427734
3463.0 0.0
3248.0 0.0
swv50x10
5894.0 0.0
5986.0 0.0
6262.0 0.0
6083.0 0.0
6341.0 0.0
3786.0 0.0
3833.0 0.000993967056274414
3366.0 0.0009996891021728516
4202.0 0.0
3322.0 0.0
yn20x20
1381.0 0.0
1363.0 0.0
1494.0 0.0
1584.0 0.001010894775390625
