abz10x10
1451.0 0.0
1288.0 0.0
abz20x15
944.0 0.0009982585906982422
1102.0 0.00099945068359375
1097.0 0.0010001659393310547
ft6x6
74.0 0.0
ft10x10
1289.0 0.0
ft20x5
2020.0 0.0
la10x5
880.0 0.0
982.0 0.0
797.0 0.0
1000.0 0.0010094642639160156
666.0 0.0
la10x10
1443.0 0.0009996891021728516
1135.0 0.0
1130.0 0.0
1188.0 0.0010006427764892578
1404.0 0.0
la15x5
1151.0 0.0
1108.0 0.0
1278.0 0.0010004043579101562
1270.0 0.0
1224.0 0.0
la15x10
1494.0 0.0
1428.0 0.0010001659393310547
1576.0 0.0010023117065429688
1693.0 0.0
1495.0 0.0009984970092773438
la15x15
1981.0 0.0
2087.0 0.0
1860.0 0.0
1778.0 0.0010135173797607422
1977.0 0.0009999275207519531
la20x5
1552.0 0.0
1276.0 0.00099945068359375
1371.0 0.0
1362.0 0.0010027885437011719
1511.0 0.0
la20x10
1792.0 0.0009272098541259766
1918.0 0.0010762214660644531
2058.0 0.0010058879852294922
1626.0 0.0
1944.0 0.0
la30x10
2328.0 0.0010063648223876953
2601.0 0.002004861831665039
2600.0 0.002000093460083008
2381.0 0.0019998550415039062
2578.0 0.0010001659393310547
orb10x10
1716.0 0.0009975433349609375
1128.0 0.0
1701.0 0.0
1369.0 0.00099945068359375
1436.0 0.0
1704.0 0.0
666.0 0.001001119613647461
1754.0 0.0
1262.0 0.0
1726.0 0.0009987354278564453
swv20x10
2682.0 0.0
2526.0 0.0
2485.0 0.0010063648223876953
2738.0 0.0009987354278564453
2754.0 0.0010042190551757812
swv20x15
3157.0 0.001001119613647461
2961.0 0.0009980201721191406
3427.0 0.0010001659393310547
2892.0 0.00103759765625
3268.0 0.0020325183868408203
swv50x10
6058.0 0.004500150680541992
6666.0 0.004077434539794922
6888.0 0.004926919937133789
5733.0 0.004999637603759766
5903.0 0.004512786865234375
4237.0 0.003999948501586914
3783.0 0.0040013790130615234
3842.0 0.0029997825622558594
4486.0 0.004165172576904297
3939.0 0.004071712493896484
yn20x20
1296.0 0.0029997825622558594
1393.0 0.0025162696838378906
1369.0 0.004994392395019531
1575.0 0.0030050277709960938
