abz10x10
1524.0
1130.0
abz20x15
990.0
1016.0
1062.0
ft6x6
62.0
ft10x10
1287.0
ft20x5
1582.0
la10x5
713.0
791.0
711.0
688.0
593.0
la10x10
1112.0
973.0
1060.0
1074.0
1105.0
la15x5
984.0
1001.0
958.0
1015.0
987.0
la15x10
1460.0
1264.0
1386.0
1340.0
1331.0
la15x15
1762.0
1945.0
1730.0
1803.0
1791.0
la20x5
1278.0
1105.0
1203.0
1306.0
1430.0
la20x10
1751.0
1719.0
1703.0
1710.0
1841.0
la30x10
2305.0
2461.0
2278.0
2270.0
2495.0
orb10x10
1478.0
1150.0
1459.0
1296.0
1162.0
1420.0
509.0
1302.0
1184.0
1337.0
swv20x15
2885.0
2758.0
2888.0
2816.0
2861.0
swv20x10
2322.0
2367.0
2265.0
2391.0
2306.0
swv50x10
5303.0
5456.0
5526.0
5283.0
5411.0
3620.0
3597.0
3552.0
3763.0
3430.0
yn20x20
1426.0
1468.0
1435.0
1528.0
abz20x15
1016.0
1035.0
1042.0
dmu20x15
4202.0
4260.0
4384.0
4296.0
4284.0
5484.0
5892.0
5932.0
6093.0
5513.0
dmu20x20
5478.0
5136.0
5259.0
4899.0
5070.0
7029.0
6980.0
6656.0
6514.0
6558.0
dmu30x15
5632.0
6021.0
5988.0
5284.0
5533.0
7770.0
7958.0
8280.0
8206.0
7927.0
dmu30x20
6637.0
6818.0
6748.0
6377.0
6436.0
9654.0
9178.0
9244.0
8945.0
9119.0
dmu40x15
7224.0
7203.0
7032.0
7240.0
6498.0
10371.0
10065.0
10266.0
10081.0
9983.0
dmu40x20
7989.0
8358.0
8339.0
8393.0
8370.0
11569.0
11812.0
11896.0
11300.0
11986.0
dmu50x15
8985.0
8127.0
8499.0
8457.0
8543.0
12334.0
12852.0
12277.0
12469.0
12614.0
dmu50x20
9823.0
9885.0
9903.0
9754.0
9975.0
13591.0
14054.0
14184.0
14279.0
13880.0
tai15x15
1832.0
1832.0
1780.0
1669.0
1773.0
1777.0
1747.0
1818.0
1890.0
1801.0
tai20x15
2174.0
2220.0
2112.0
2080.0
2153.0
2096.0
2175.0
2198.0
2108.0
2069.0
tai20x20
2597.0
2591.0
2522.0
2619.0
2536.0
2647.0
2694.0
2497.0
2662.0
2636.0
tai30x15
2851.0
2869.0
3029.0
2941.0
3014.0
2967.0
2966.0
2818.0
2853.0
2809.0
tai30x20
3537.0
3444.0
3349.0
3554.0
3474.0
3531.0
3345.0
3344.0
3459.0
3429.0
tai50x15
4364.0
4272.0
4175.0
4243.0
4395.0
4357.0
4494.0
4564.0
4282.0
4262.0
tai50x20
4859.0
5128.0
4730.0
4639.0
4867.0
4955.0
4833.0
4843.0
4975.0
4951.0
tai100x20
8401.0
8099.0
8574.0
8365.0
8512.0
8302.0
8499.0
8369.0
8420.0
8142.0

abz10x10
