abz10x10
1376 1.896360158920288
1088 1.6711297035217285
abz20x15
796 15.918957233428955
859 15.80724310874939
878 13.299067497253418
ft6x6
68 0.4668734073638916
ft10x10
1403 1.9680936336517334
ft20x5
1579 2.3468024730682373
la10x5
719 0.807380199432373
791 0.9134607315063477
708 0.7665343284606934
762 0.8310906887054443
593 0.8265342712402344
la10x10
1223 1.7660109996795654
948 1.5556211471557617
991 1.4682798385620117
933 1.6426665782928467
1239 1.7694971561431885
la15x5
1106 1.288649082183838
1092 1.45609712600708
1052 1.5447094440460205
1088 1.5998282432556152
1084 1.505845069885254
la15x10
1389 3.637664556503296
1169 3.565601110458374
1277 3.7601306438446045
1372 3.460900068283081
1411 3.7991673946380615
la15x15
1536 6.7174131870269775
1708 6.39376163482666
1615 6.823781251907349
1532 7.005229234695435
1548 7.163835525512695
la20x5
1372 2.284261465072632
1323 2.2763774394989014
1302 2.537729501724243
1466 2.29382061958313
1481 1.9359183311462402
la20x10
1499 6.946411609649658
1640 6.906195163726807
1523 7.157321929931641
1610 6.104546308517456
1722 6.703596353530884
la30x10
2037 15.59815764427185
2114 16.149473667144775
2024 14.816673755645752
2079 16.30758047103882
2335 14.38696026802063
orb10x10
1336 1.8432776927947998
1027 1.3305251598358154
1423 2.4251351356506348
1202 1.285097360610962
1131 1.4892354011535645
1326 2.103416919708252

1116 1.9020378589630127
1298 1.2339253425598145
1246 1.5820505619049072
swv20x10
2134 8.555939435958862
2110 7.02377724647522
2062 7.179806232452393
1968 6.605255603790283
2170 7.941269874572754
swv20x15
2360 19.485294103622437
2249 20.57423734664917
2382 14.741453170776367
2441 16.907199144363403
2417 16.425074338912964
swv50x10
4255 45.27719974517822
4219 46.742223024368286
4433 46.64722943305969
4204 43.299400091171265
4189 44.28926968574524
3140 43.9768283367157
3137 43.64609360694885
3054 43.73983669281006
3043 43.786471128463745
3059 45.735127687454224
yn20x20
1180 20.57198977470398
1168 24.150431632995605
1150 24.09902811050415
1172 24.25981044769287
abz10x10
1376 1.0712213516235352
1088 1.036233901977539
abz20x15
abz10x10
1376 1.0452380180358887
1088 1.0172295570373535
abz20x15
