abz10x10
1741.0 0.0
1386.0 0.0
abz20x15
911.0 0.0
1034.0 0.0
1115.0 0.0
ft6x6
62.0 0.0
ft10x10
1470.0 0.0
ft20x5
2078.0 0.0
la10x5
796.0 0.0
904.0 0.0
987.0 0.0
938.0 0.0
673.0 0.0
la10x10
1394.0 0.0
961.0 0.0009999275207519531
1154.0 0.0
1195.0 0.0
1320.0 0.0
la15x5
1047.0 0.0
1159.0 0.0
1144.0 0.0
1062.0 0.0
1061.0 0.0
la15x10
1500.0 0.0
1670.0 0.0
1609.0 0.0
1436.0 0.0
1606.0 0.0
la15x15
1770.0 0.0
2303.0 0.0
1777.0 0.0
1818.0 0.0
1777.0 0.0
la20x5
1388.0 0.0
1259.0 0.0
1299.0 0.0
1293.0 0.0
1654.0 0.0
la20x10
1815.0 0.0
2161.0 0.0010046958923339844
1963.0 0.0
1760.0 0.0
1996.0 0.0
la30x10
2299.0 0.0010077953338623047
2513.0 0.0
2345.0 0.0
2503.0 0.0
2937.0 0.0
orb10x10
1710.0 0.0
1166.0 0.0
1809.0 0.0
1474.0 0.001001119613647461
1877.0 0.0
1533.0 0.0
669.0 0.0
1666.0 0.0
1250.0 0.0
2024.0 0.0
swv20x10
2867.0 0.0
2741.0 0.0
2834.0 0.0010001659393310547
2830.0 0.0
3167.0 0.0
swv20x15
3098.0 0.0
2874.0 0.0
3442.0 0.0
3153.0 0.0010042190551757812
3407.0 0.0
swv50x10
6107.0 0.0
6315.0 0.0010006427764892578
6406.0 0.0
6315.0 0.0
6359.0 0.0
3578.0 0.0
3708.0 0.0
3476.0 0.0
4226.0 0.0
3242.0 0.0009999275207519531
yn20x20
1357.0 0.0
1368.0 0.0
1442.0 0.0
1608.0 0.0
