abz10x10
6217.0 0.0009984970092773438
4132.0 0.0
abz20x15
5526.0 0.0010037422180175781
6224.0 0.0009965896606445312
5747.0 0.0009992122650146484
ft6x6
154.0 0.0
ft10x10
2657.0 0.0
ft20x5
2986.0 0.0005116462707519531
la10x5
1964.0 0.0
1776.0 0.0
1660.0 0.0
1677.0 0.0
1654.0 0.0
la10x10
3875.0 0.0
3776.0 0.0
4103.0 0.0
4087.0 0.001073598861694336
3881.0 0.0
la15x5
2788.0 0.0
2685.0 0.0
3235.0 0.0
3210.0 0.0
3193.0 0.0
la15x10
5733.0 0.0
5525.0 0.0015032291412353516
6426.0 0.0
6510.0 0.0010488033294677734
6104.0 0.0
la15x15
8929.0 0.000997304916381836
10599.0 0.0
8912.0 0.0
8844.0 0.0009996891021728516
9061.0 0.0009999275207519531
la20x5
3887.0 0.0010006427764892578
3101.0 0.0
3780.0 0.0009968280792236328
4391.0 0.0
3997.0 0.0
la20x10
8303.0 0.0
8293.0 0.0
8224.0 0.0009992122650146484
8318.0 0.0009999275207519531
7653.0 0.0
la30x10
12075.0 0.0010089874267578125
12743.0 0.0010721683502197266
11702.0 0.0019278526306152344
10920.0 0.0010197162628173828
11765.0 0.0010144710540771484
orb10x10
3019.0 0.000997304916381836
4590.0 0.0
2046.0 0.0
3413.0 0.0
3940.0 0.0
3212.0 0.0
1912.0 0.0
2051.0 0.0009968280792236328
4045.0 0.0
4944.0 0.0
swv20x10
4160.0 0.0015118122100830078
4375.0 0.0010111331939697266
4422.0 0.000997304916381836
4458.0 0.0
4320.0 0.0
swv20x15
6524.0 0.0009989738464355469
6668.0 0.0009996891021728516
7302.0 0.0009999275207519531
6719.0 0.0010004043579101562
6906.0 0.0009927749633789062
swv50x10
9757.0 0.002999544143676758
10136.0 0.003513336181640625
10083.0 0.002948760986328125
9757.0 0.0020084381103515625
10099.0 0.0029931068420410156
19112.0 0.004004240036010742
19028.0 0.004007577896118164
18956.0 0.002999544143676758
19501.0 0.004002094268798828
18826.0 0.0029959678649902344
yn20x20
9652.0 0.002008676528930664
8862.0 0.000997781753540039
9130.0 0.0019998550415039062
9473.0 0.0009942054748535156
